Problem:    tsp
Rows:       484
Columns:    840 (420 integer, 420 binary)
Non-zeros:  2940
Status:     INTEGER OPTIMAL
Objective:  total = 401 (MINimum)

   No.   Row name        Activity     Lower bound   Upper bound
------ ------------    ------------- ------------- -------------
     1 total                     401                             
     2 leave[1]                    1             1             = 
     3 leave[2]                    1             1             = 
     4 leave[3]                    1             1             = 
     5 leave[4]                    1             1             = 
     6 leave[5]                    1             1             = 
     7 leave[6]                    1             1             = 
     8 leave[7]                    1             1             = 
     9 leave[8]                    1             1             = 
    10 leave[9]                    1             1             = 
    11 leave[10]                   1             1             = 
    12 leave[11]                   1             1             = 
    13 leave[12]                   1             1             = 
    14 leave[13]                   1             1             = 
    15 leave[14]                   1             1             = 
    16 leave[15]                   1             1             = 
    17 leave[16]                   1             1             = 
    18 leave[17]                   1             1             = 
    19 leave[18]                   1             1             = 
    20 leave[19]                   1             1             = 
    21 leave[20]                   1             1             = 
    22 leave[21]                   1             1             = 
    23 enter[1]                    1             1             = 
    24 enter[2]                    1             1             = 
    25 enter[3]                    1             1             = 
    26 enter[4]                    1             1             = 
    27 enter[5]                    1             1             = 
    28 enter[6]                    1             1             = 
    29 enter[7]                    1             1             = 
    30 enter[8]                    1             1             = 
    31 enter[9]                    1             1             = 
    32 enter[10]                   1             1             = 
    33 enter[11]                   1             1             = 
    34 enter[12]                   1             1             = 
    35 enter[13]                   1             1             = 
    36 enter[14]                   1             1             = 
    37 enter[15]                   1             1             = 
    38 enter[16]                   1             1             = 
    39 enter[17]                   1             1             = 
    40 enter[18]                   1             1             = 
    41 enter[19]                   1             1             = 
    42 enter[20]                   1             1             = 
    43 enter[21]                   1             1             = 
    44 cap[1,2]                    0                          -0 
    45 cap[1,3]                    0                          -0 
    46 cap[1,4]                    0                          -0 
    47 cap[1,5]                    0                          -0 
    48 cap[1,6]                    0                          -0 
    49 cap[1,7]                    0                          -0 
    50 cap[1,8]                    0                          -0 
    51 cap[1,9]                    0                          -0 
    52 cap[1,10]                   0                          -0 
    53 cap[1,11]                   0                          -0 
    54 cap[1,12]                   0                          -0 
    55 cap[1,13]                   0                          -0 
    56 cap[1,14]                   0                          -0 
    57 cap[1,15]                   0                          -0 
    58 cap[1,16]                   0                          -0 
    59 cap[1,17]                   0                          -0 
    60 cap[1,18]                   0                          -0 
    61 cap[1,19]                   0                          -0 
    62 cap[1,20]                   0                          -0 
    63 cap[1,21]                   0                          -0 
    64 cap[2,1]                    0                          -0 
    65 cap[2,3]                    0                          -0 
    66 cap[2,4]                    0                          -0 
    67 cap[2,5]                    0                          -0 
    68 cap[2,6]                  -12                          -0 
    69 cap[2,7]                    0                          -0 
    70 cap[2,8]                    0                          -0 
    71 cap[2,9]                    0                          -0 
    72 cap[2,10]                   0                          -0 
    73 cap[2,11]                   0                          -0 
    74 cap[2,12]                   0                          -0 
    75 cap[2,13]                   0                          -0 
    76 cap[2,14]                   0                          -0 
    77 cap[2,15]                   0                          -0 
    78 cap[2,16]                   0                          -0 
    79 cap[2,17]                   0                          -0 
    80 cap[2,18]                   0                          -0 
    81 cap[2,19]                   0                          -0 
    82 cap[2,20]                   0                          -0 
    83 cap[2,21]                   0                          -0 
    84 cap[3,1]                    0                          -0 
    85 cap[3,2]                    0                          -0 
    86 cap[3,4]                    0                          -0 
    87 cap[3,5]                    0                          -0 
    88 cap[3,6]                    0                          -0 
    89 cap[3,7]                    0                          -0 
    90 cap[3,8]                    0                          -0 
    91 cap[3,9]                    0                          -0 
    92 cap[3,10]                   0                          -0 
    93 cap[3,11]                   0                          -0 
    94 cap[3,12]                   0                          -0 
    95 cap[3,13]                   0                          -0 
    96 cap[3,14]                   0                          -0 
    97 cap[3,15]                   0                          -0 
    98 cap[3,16]                   0                          -0 
    99 cap[3,17]                   0                          -0 
   100 cap[3,18]                   0                          -0 
   101 cap[3,19]                   0                          -0 
   102 cap[3,20]                  -6                          -0 
   103 cap[3,21]                   0                          -0 
   104 cap[4,1]                    0                          -0 
   105 cap[4,2]                    0                          -0 
   106 cap[4,3]                   -5                          -0 
   107 cap[4,5]                    0                          -0 
   108 cap[4,6]                    0                          -0 
   109 cap[4,7]                    0                          -0 
   110 cap[4,8]                    0                          -0 
   111 cap[4,9]                    0                          -0 
   112 cap[4,10]                   0                          -0 
   113 cap[4,11]                   0                          -0 
   114 cap[4,12]                   0                          -0 
   115 cap[4,13]                   0                          -0 
   116 cap[4,14]                   0                          -0 
   117 cap[4,15]                   0                          -0 
   118 cap[4,16]                   0                          -0 
   119 cap[4,17]                   0                          -0 
   120 cap[4,18]                   0                          -0 
   121 cap[4,19]                   0                          -0 
   122 cap[4,20]                   0                          -0 
   123 cap[4,21]                   0                          -0 
   124 cap[5,1]                    0                          -0 
   125 cap[5,2]                    0                          -0 
   126 cap[5,3]                    0                          -0 
   127 cap[5,4]                    0                          -0 
   128 cap[5,6]                    0                          -0 
   129 cap[5,7]                    0                          -0 
   130 cap[5,8]                    0                          -0 
   131 cap[5,9]                   -1                          -0 
   132 cap[5,10]                   0                          -0 
   133 cap[5,11]                   0                          -0 
   134 cap[5,12]                   0                          -0 
   135 cap[5,13]                   0                          -0 
   136 cap[5,14]                   0                          -0 
   137 cap[5,15]                   0                          -0 
   138 cap[5,16]                   0                          -0 
   139 cap[5,17]                   0                          -0 
   140 cap[5,18]                   0                          -0 
   141 cap[5,19]                   0                          -0 
   142 cap[5,20]                   0                          -0 
   143 cap[5,21]                   0                          -0 
   144 cap[6,1]                    0                          -0 
   145 cap[6,2]                    0                          -0 
   146 cap[6,3]                    0                          -0 
   147 cap[6,4]                    0                          -0 
   148 cap[6,5]                    0                          -0 
   149 cap[6,7]                    0                          -0 
   150 cap[6,8]                    0                          -0 
   151 cap[6,9]                    0                          -0 
   152 cap[6,10]                   0                          -0 
   153 cap[6,11]                   0                          -0 
   154 cap[6,12]                   0                          -0 
   155 cap[6,13]                   0                          -0 
   156 cap[6,14]                 -13                          -0 
   157 cap[6,15]                   0                          -0 
   158 cap[6,16]                   0                          -0 
   159 cap[6,17]                   0                          -0 
   160 cap[6,18]                   0                          -0 
   161 cap[6,19]                   0                          -0 
   162 cap[6,20]                   0                          -0 
   163 cap[6,21]                   0                          -0 
   164 cap[7,1]                    0                          -0 
   165 cap[7,2]                    0                          -0 
   166 cap[7,3]                    0                          -0 
   167 cap[7,4]                    0                          -0 
   168 cap[7,5]                    0                          -0 
   169 cap[7,6]                    0                          -0 
   170 cap[7,8]                    0                          -0 
   171 cap[7,9]                    0                          -0 
   172 cap[7,10]                   0                          -0 
   173 cap[7,11]                   0                          -0 
   174 cap[7,12]                   0                          -0 
   175 cap[7,13]                 -15                          -0 
   176 cap[7,14]                   0                          -0 
   177 cap[7,15]                   0                          -0 
   178 cap[7,16]                   0                          -0 
   179 cap[7,17]                   0                          -0 
   180 cap[7,18]                   0                          -0 
   181 cap[7,19]                   0                          -0 
   182 cap[7,20]                   0                          -0 
   183 cap[7,21]                   0                          -0 
   184 cap[8,1]                    0                          -0 
   185 cap[8,2]                    0                          -0 
   186 cap[8,3]                    0                          -0 
   187 cap[8,4]                    0                          -0 
   188 cap[8,5]                    0                          -0 
   189 cap[8,6]                    0                          -0 
   190 cap[8,7]                    0                          -0 
   191 cap[8,9]                    0                          -0 
   192 cap[8,10]                   0                          -0 
   193 cap[8,11]                   0                          -0 
   194 cap[8,12]                   0                          -0 
   195 cap[8,13]                   0                          -0 
   196 cap[8,14]                   0                          -0 
   197 cap[8,15]                 -17                          -0 
   198 cap[8,16]                   0                          -0 
   199 cap[8,17]                   0                          -0 
   200 cap[8,18]                   0                          -0 
   201 cap[8,19]                   0                          -0 
   202 cap[8,20]                   0                          -0 
   203 cap[8,21]                   0                          -0 
   204 cap[9,1]                    0                          -0 
   205 cap[9,2]                    0                          -0 
   206 cap[9,3]                    0                          -0 
   207 cap[9,4]                    0                          -0 
   208 cap[9,5]                    0                          -0 
   209 cap[9,6]                    0                          -0 
   210 cap[9,7]                    0                          -0 
   211 cap[9,8]                    0                          -0 
   212 cap[9,10]                   0                          -0 
   213 cap[9,11]                  -2                          -0 
   214 cap[9,12]                   0                          -0 
   215 cap[9,13]                   0                          -0 
   216 cap[9,14]                   0                          -0 
   217 cap[9,15]                   0                          -0 
   218 cap[9,16]                   0                          -0 
   219 cap[9,17]                   0                          -0 
   220 cap[9,18]                   0                          -0 
   221 cap[9,19]                   0                          -0 
   222 cap[9,20]                   0                          -0 
   223 cap[9,21]                   0                          -0 
   224 cap[10,1]                   0                          -0 
   225 cap[10,2]                   0                          -0 
   226 cap[10,3]                   0                          -0 
   227 cap[10,4]                   0                          -0 
   228 cap[10,5]                   0                          -0 
   229 cap[10,6]                   0                          -0 
   230 cap[10,7]                   0                          -0 
   231 cap[10,8]                   0                          -0 
   232 cap[10,9]                   0                          -0 
   233 cap[10,11]                  0                          -0 
   234 cap[10,12]                  0                          -0 
   235 cap[10,13]                  0                          -0 
   236 cap[10,14]                  0                          -0 
   237 cap[10,15]                  0                          -0 
   238 cap[10,16]                  0                          -0 
   239 cap[10,17]                  0                          -0 
   240 cap[10,18]                 -9                          -0 
   241 cap[10,19]                  0                          -0 
   242 cap[10,20]                  0                          -0 
   243 cap[10,21]                  0                          -0 
   244 cap[11,1]                   0                          -0 
   245 cap[11,2]                   0                          -0 
   246 cap[11,3]                   0                          -0 
   247 cap[11,4]                   0                          -0 
   248 cap[11,5]                   0                          -0 
   249 cap[11,6]                   0                          -0 
   250 cap[11,7]                   0                          -0 
   251 cap[11,8]                   0                          -0 
   252 cap[11,9]                   0                          -0 
   253 cap[11,10]                  0                          -0 
   254 cap[11,12]                  0                          -0 
   255 cap[11,13]                  0                          -0 
   256 cap[11,14]                  0                          -0 
   257 cap[11,15]                  0                          -0 
   258 cap[11,16]                  0                          -0 
   259 cap[11,17]                  0                          -0 
   260 cap[11,18]                  0                          -0 
   261 cap[11,19]                 -3                          -0 
   262 cap[11,20]                  0                          -0 
   263 cap[11,21]                  0                          -0 
   264 cap[12,1]                 -20                          -0 
   265 cap[12,2]                   0                          -0 
   266 cap[12,3]                   0                          -0 
   267 cap[12,4]                   0                          -0 
   268 cap[12,5]                   0                          -0 
   269 cap[12,6]                   0                          -0 
   270 cap[12,7]                   0                          -0 
   271 cap[12,8]                   0                          -0 
   272 cap[12,9]                   0                          -0 
   273 cap[12,10]                  0                          -0 
   274 cap[12,11]                  0                          -0 
   275 cap[12,13]                  0                          -0 
   276 cap[12,14]                  0                          -0 
   277 cap[12,15]                  0                          -0 
   278 cap[12,16]                  0                          -0 
   279 cap[12,17]                  0                          -0 
   280 cap[12,18]                  0                          -0 
   281 cap[12,19]                  0                          -0 
   282 cap[12,20]                  0                          -0 
   283 cap[12,21]                  0                          -0 
   284 cap[13,1]                   0                          -0 
   285 cap[13,2]                   0                          -0 
   286 cap[13,3]                   0                          -0 
   287 cap[13,4]                   0                          -0 
   288 cap[13,5]                   0                          -0 
   289 cap[13,6]                   0                          -0 
   290 cap[13,7]                   0                          -0 
   291 cap[13,8]                 -16                          -0 
   292 cap[13,9]                   0                          -0 
   293 cap[13,10]                  0                          -0 
   294 cap[13,11]                  0                          -0 
   295 cap[13,12]                  0                          -0 
   296 cap[13,14]                  0                          -0 
   297 cap[13,15]                  0                          -0 
   298 cap[13,16]                  0                          -0 
   299 cap[13,17]                  0                          -0 
   300 cap[13,18]                  0                          -0 
   301 cap[13,19]                  0                          -0 
   302 cap[13,20]                  0                          -0 
   303 cap[13,21]                  0                          -0 
   304 cap[14,1]                   0                          -0 
   305 cap[14,2]                   0                          -0 
   306 cap[14,3]                   0                          -0 
   307 cap[14,4]                   0                          -0 
   308 cap[14,5]                   0                          -0 
   309 cap[14,6]                   0                          -0 
   310 cap[14,7]                 -14                          -0 
   311 cap[14,8]                   0                          -0 
   312 cap[14,9]                   0                          -0 
   313 cap[14,10]                  0                          -0 
   314 cap[14,11]                  0                          -0 
   315 cap[14,12]                  0                          -0 
   316 cap[14,13]                  0                          -0 
   317 cap[14,15]                  0                          -0 
   318 cap[14,16]                  0                          -0 
   319 cap[14,17]                  0                          -0 
   320 cap[14,18]                  0                          -0 
   321 cap[14,19]                  0                          -0 
   322 cap[14,20]                  0                          -0 
   323 cap[14,21]                  0                          -0 
   324 cap[15,1]                   0                          -0 
   325 cap[15,2]                   0                          -0 
   326 cap[15,3]                   0                          -0 
   327 cap[15,4]                   0                          -0 
   328 cap[15,5]                   0                          -0 
   329 cap[15,6]                   0                          -0 
   330 cap[15,7]                   0                          -0 
   331 cap[15,8]                   0                          -0 
   332 cap[15,9]                   0                          -0 
   333 cap[15,10]                  0                          -0 
   334 cap[15,11]                  0                          -0 
   335 cap[15,12]                  0                          -0 
   336 cap[15,13]                  0                          -0 
   337 cap[15,14]                  0                          -0 
   338 cap[15,16]                  0                          -0 
   339 cap[15,17]                -18                          -0 
   340 cap[15,18]                  0                          -0 
   341 cap[15,19]                  0                          -0 
   342 cap[15,20]                  0                          -0 
   343 cap[15,21]                  0                          -0 
   344 cap[16,1]                   0                          -0 
   345 cap[16,2]                 -11                          -0 
   346 cap[16,3]                   0                          -0 
   347 cap[16,4]                   0                          -0 
   348 cap[16,5]                   0                          -0 
   349 cap[16,6]                   0                          -0 
   350 cap[16,7]                   0                          -0 
   351 cap[16,8]                   0                          -0 
   352 cap[16,9]                   0                          -0 
   353 cap[16,10]                  0                          -0 
   354 cap[16,11]                  0                          -0 
   355 cap[16,12]                  0                          -0 
   356 cap[16,13]                  0                          -0 
   357 cap[16,14]                  0                          -0 
   358 cap[16,15]                  0                          -0 
   359 cap[16,17]                  0                          -0 
   360 cap[16,18]                  0                          -0 
   361 cap[16,19]                  0                          -0 
   362 cap[16,20]                  0                          -0 
   363 cap[16,21]                  0                          -0 
   364 cap[17,1]                   0                          -0 
   365 cap[17,2]                   0                          -0 
   366 cap[17,3]                   0                          -0 
   367 cap[17,4]                   0                          -0 
   368 cap[17,5]                   0                          -0 
   369 cap[17,6]                   0                          -0 
   370 cap[17,7]                   0                          -0 
   371 cap[17,8]                   0                          -0 
   372 cap[17,9]                   0                          -0 
   373 cap[17,10]                  0                          -0 
   374 cap[17,11]                  0                          -0 
   375 cap[17,12]                -19                          -0 
   376 cap[17,13]                  0                          -0 
   377 cap[17,14]                  0                          -0 
   378 cap[17,15]                  0                          -0 
   379 cap[17,16]                  0                          -0 
   380 cap[17,18]                  0                          -0 
   381 cap[17,19]                  0                          -0 
   382 cap[17,20]                  0                          -0 
   383 cap[17,21]                  0                          -0 
   384 cap[18,1]                   0                          -0 
   385 cap[18,2]                   0                          -0 
   386 cap[18,3]                   0                          -0 
   387 cap[18,4]                   0                          -0 
   388 cap[18,5]                   0                          -0 
   389 cap[18,6]                   0                          -0 
   390 cap[18,7]                   0                          -0 
   391 cap[18,8]                   0                          -0 
   392 cap[18,9]                   0                          -0 
   393 cap[18,10]                  0                          -0 
   394 cap[18,11]                  0                          -0 
   395 cap[18,12]                  0                          -0 
   396 cap[18,13]                  0                          -0 
   397 cap[18,14]                  0                          -0 
   398 cap[18,15]                  0                          -0 
   399 cap[18,16]                -10                          -0 
   400 cap[18,17]                  0                          -0 
   401 cap[18,19]                  0                          -0 
   402 cap[18,20]                  0                          -0 
   403 cap[18,21]                  0                          -0 
   404 cap[19,1]                   0                          -0 
   405 cap[19,2]                   0                          -0 
   406 cap[19,3]                   0                          -0 
   407 cap[19,4]                  -4                          -0 
   408 cap[19,5]                   0                          -0 
   409 cap[19,6]                   0                          -0 
   410 cap[19,7]                   0                          -0 
   411 cap[19,8]                   0                          -0 
   412 cap[19,9]                   0                          -0 
   413 cap[19,10]                  0                          -0 
   414 cap[19,11]                  0                          -0 
   415 cap[19,12]                  0                          -0 
   416 cap[19,13]                  0                          -0 
   417 cap[19,14]                  0                          -0 
   418 cap[19,15]                  0                          -0 
   419 cap[19,16]                  0                          -0 
   420 cap[19,17]                  0                          -0 
   421 cap[19,18]                  0                          -0 
   422 cap[19,20]                  0                          -0 
   423 cap[19,21]                  0                          -0 
   424 cap[20,1]                   0                          -0 
   425 cap[20,2]                   0                          -0 
   426 cap[20,3]                   0                          -0 
   427 cap[20,4]                   0                          -0 
   428 cap[20,5]                   0                          -0 
   429 cap[20,6]                   0                          -0 
   430 cap[20,7]                   0                          -0 
   431 cap[20,8]                   0                          -0 
   432 cap[20,9]                   0                          -0 
   433 cap[20,10]                  0                          -0 
   434 cap[20,11]                  0                          -0 
   435 cap[20,12]                  0                          -0 
   436 cap[20,13]                  0                          -0 
   437 cap[20,14]                  0                          -0 
   438 cap[20,15]                  0                          -0 
   439 cap[20,16]                  0                          -0 
   440 cap[20,17]                  0                          -0 
   441 cap[20,18]                  0                          -0 
   442 cap[20,19]                  0                          -0 
   443 cap[20,21]                 -7                          -0 
   444 cap[21,1]                   0                          -0 
   445 cap[21,2]                   0                          -0 
   446 cap[21,3]                   0                          -0 
   447 cap[21,4]                   0                          -0 
   448 cap[21,5]                   0                          -0 
   449 cap[21,6]                   0                          -0 
   450 cap[21,7]                   0                          -0 
   451 cap[21,8]                   0                          -0 
   452 cap[21,9]                   0                          -0 
   453 cap[21,10]                 -8                          -0 
   454 cap[21,11]                  0                          -0 
   455 cap[21,12]                  0                          -0 
   456 cap[21,13]                  0                          -0 
   457 cap[21,14]                  0                          -0 
   458 cap[21,15]                  0                          -0 
   459 cap[21,16]                  0                          -0 
   460 cap[21,17]                  0                          -0 
   461 cap[21,18]                  0                          -0 
   462 cap[21,19]                  0                          -0 
   463 cap[21,20]                  0                          -0 
   464 node[1]                   -20           -20             = 
   465 node[2]                     1             1             = 
   466 node[3]                     1             1             = 
   467 node[4]                     1             1             = 
   468 node[5]                     1             1             = 
   469 node[6]                     1             1             = 
   470 node[7]                     1             1             = 
   471 node[8]                     1             1             = 
   472 node[9]                     1             1             = 
   473 node[10]                    1             1             = 
   474 node[11]                    1             1             = 
   475 node[12]                    1             1             = 
   476 node[13]                    1             1             = 
   477 node[14]                    1             1             = 
   478 node[15]                    1             1             = 
   479 node[16]                    1             1             = 
   480 node[17]                    1             1             = 
   481 node[18]                    1             1             = 
   482 node[19]                    1             1             = 
   483 node[20]                    1             1             = 
   484 node[21]                    1             1             = 

   No. Column name       Activity     Lower bound   Upper bound
------ ------------    ------------- ------------- -------------
     1 x[1,2]       *              0             0             1 
     2 x[1,3]       *              0             0             1 
     3 x[1,4]       *              0             0             1 
     4 x[1,5]       *              1             0             1 
     5 x[1,6]       *              0             0             1 
     6 x[1,7]       *              0             0             1 
     7 x[1,8]       *              0             0             1 
     8 x[1,9]       *              0             0             1 
     9 x[1,10]      *              0             0             1 
    10 x[1,11]      *              0             0             1 
    11 x[1,12]      *              0             0             1 
    12 x[1,13]      *              0             0             1 
    13 x[1,14]      *              0             0             1 
    14 x[1,15]      *              0             0             1 
    15 x[1,16]      *              0             0             1 
    16 x[1,17]      *              0             0             1 
    17 x[1,18]      *              0             0             1 
    18 x[1,19]      *              0             0             1 
    19 x[1,20]      *              0             0             1 
    20 x[1,21]      *              0             0             1 
    21 x[2,1]       *              0             0             1 
    22 x[2,3]       *              0             0             1 
    23 x[2,4]       *              0             0             1 
    24 x[2,5]       *              0             0             1 
    25 x[2,6]       *              1             0             1 
    26 x[2,7]       *              0             0             1 
    27 x[2,8]       *              0             0             1 
    28 x[2,9]       *              0             0             1 
    29 x[2,10]      *              0             0             1 
    30 x[2,11]      *              0             0             1 
    31 x[2,12]      *              0             0             1 
    32 x[2,13]      *              0             0             1 
    33 x[2,14]      *              0             0             1 
    34 x[2,15]      *              0             0             1 
    35 x[2,16]      *              0             0             1 
    36 x[2,17]      *              0             0             1 
    37 x[2,18]      *              0             0             1 
    38 x[2,19]      *              0             0             1 
    39 x[2,20]      *              0             0             1 
    40 x[2,21]      *              0             0             1 
    41 x[3,1]       *              0             0             1 
    42 x[3,2]       *              0             0             1 
    43 x[3,4]       *              0             0             1 
    44 x[3,5]       *              0             0             1 
    45 x[3,6]       *              0             0             1 
    46 x[3,7]       *              0             0             1 
    47 x[3,8]       *              0             0             1 
    48 x[3,9]       *              0             0             1 
    49 x[3,10]      *              0             0             1 
    50 x[3,11]      *              0             0             1 
    51 x[3,12]      *              0             0             1 
    52 x[3,13]      *              0             0             1 
    53 x[3,14]      *              0             0             1 
    54 x[3,15]      *              0             0             1 
    55 x[3,16]      *              0             0             1 
    56 x[3,17]      *              0             0             1 
    57 x[3,18]      *              0             0             1 
    58 x[3,19]      *              0             0             1 
    59 x[3,20]      *              1             0             1 
    60 x[3,21]      *              0             0             1 
    61 x[4,1]       *              0             0             1 
    62 x[4,2]       *              0             0             1 
    63 x[4,3]       *              1             0             1 
    64 x[4,5]       *              0             0             1 
    65 x[4,6]       *              0             0             1 
    66 x[4,7]       *              0             0             1 
    67 x[4,8]       *              0             0             1 
    68 x[4,9]       *              0             0             1 
    69 x[4,10]      *              0             0             1 
    70 x[4,11]      *              0             0             1 
    71 x[4,12]      *              0             0             1 
    72 x[4,13]      *              0             0             1 
    73 x[4,14]      *              0             0             1 
    74 x[4,15]      *              0             0             1 
    75 x[4,16]      *              0             0             1 
    76 x[4,17]      *              0             0             1 
    77 x[4,18]      *              0             0             1 
    78 x[4,19]      *              0             0             1 
    79 x[4,20]      *              0             0             1 
    80 x[4,21]      *              0             0             1 
    81 x[5,1]       *              0             0             1 
    82 x[5,2]       *              0             0             1 
    83 x[5,3]       *              0             0             1 
    84 x[5,4]       *              0             0             1 
    85 x[5,6]       *              0             0             1 
    86 x[5,7]       *              0             0             1 
    87 x[5,8]       *              0             0             1 
    88 x[5,9]       *              1             0             1 
    89 x[5,10]      *              0             0             1 
    90 x[5,11]      *              0             0             1 
    91 x[5,12]      *              0             0             1 
    92 x[5,13]      *              0             0             1 
    93 x[5,14]      *              0             0             1 
    94 x[5,15]      *              0             0             1 
    95 x[5,16]      *              0             0             1 
    96 x[5,17]      *              0             0             1 
    97 x[5,18]      *              0             0             1 
    98 x[5,19]      *              0             0             1 
    99 x[5,20]      *              0             0             1 
   100 x[5,21]      *              0             0             1 
   101 x[6,1]       *              0             0             1 
   102 x[6,2]       *              0             0             1 
   103 x[6,3]       *              0             0             1 
   104 x[6,4]       *              0             0             1 
   105 x[6,5]       *              0             0             1 
   106 x[6,7]       *              0             0             1 
   107 x[6,8]       *              0             0             1 
   108 x[6,9]       *              0             0             1 
   109 x[6,10]      *              0             0             1 
   110 x[6,11]      *              0             0             1 
   111 x[6,12]      *              0             0             1 
   112 x[6,13]      *              0             0             1 
   113 x[6,14]      *              1             0             1 
   114 x[6,15]      *              0             0             1 
   115 x[6,16]      *              0             0             1 
   116 x[6,17]      *              0             0             1 
   117 x[6,18]      *              0             0             1 
   118 x[6,19]      *              0             0             1 
   119 x[6,20]      *              0             0             1 
   120 x[6,21]      *              0             0             1 
   121 x[7,1]       *              0             0             1 
   122 x[7,2]       *              0             0             1 
   123 x[7,3]       *              0             0             1 
   124 x[7,4]       *              0             0             1 
   125 x[7,5]       *              0             0             1 
   126 x[7,6]       *              0             0             1 
   127 x[7,8]       *              0             0             1 
   128 x[7,9]       *              0             0             1 
   129 x[7,10]      *              0             0             1 
   130 x[7,11]      *              0             0             1 
   131 x[7,12]      *              0             0             1 
   132 x[7,13]      *              1             0             1 
   133 x[7,14]      *              0             0             1 
   134 x[7,15]      *              0             0             1 
   135 x[7,16]      *              0             0             1 
   136 x[7,17]      *              0             0             1 
   137 x[7,18]      *              0             0             1 
   138 x[7,19]      *              0             0             1 
   139 x[7,20]      *              0             0             1 
   140 x[7,21]      *              0             0             1 
   141 x[8,1]       *              0             0             1 
   142 x[8,2]       *              0             0             1 
   143 x[8,3]       *              0             0             1 
   144 x[8,4]       *              0             0             1 
   145 x[8,5]       *              0             0             1 
   146 x[8,6]       *              0             0             1 
   147 x[8,7]       *              0             0             1 
   148 x[8,9]       *              0             0             1 
   149 x[8,10]      *              0             0             1 
   150 x[8,11]      *              0             0             1 
   151 x[8,12]      *              0             0             1 
   152 x[8,13]      *              0             0             1 
   153 x[8,14]      *              0             0             1 
   154 x[8,15]      *              1             0             1 
   155 x[8,16]      *              0             0             1 
   156 x[8,17]      *              0             0             1 
   157 x[8,18]      *              0             0             1 
   158 x[8,19]      *              0             0             1 
   159 x[8,20]      *              0             0             1 
   160 x[8,21]      *              0             0             1 
   161 x[9,1]       *              0             0             1 
   162 x[9,2]       *              0             0             1 
   163 x[9,3]       *              0             0             1 
   164 x[9,4]       *              0             0             1 
   165 x[9,5]       *              0             0             1 
   166 x[9,6]       *              0             0             1 
   167 x[9,7]       *              0             0             1 
   168 x[9,8]       *              0             0             1 
   169 x[9,10]      *              0             0             1 
   170 x[9,11]      *              1             0             1 
   171 x[9,12]      *              0             0             1 
   172 x[9,13]      *              0             0             1 
   173 x[9,14]      *              0             0             1 
   174 x[9,15]      *              0             0             1 
   175 x[9,16]      *              0             0             1 
   176 x[9,17]      *              0             0             1 
   177 x[9,18]      *              0             0             1 
   178 x[9,19]      *              0             0             1 
   179 x[9,20]      *              0             0             1 
   180 x[9,21]      *              0             0             1 
   181 x[10,1]      *              0             0             1 
   182 x[10,2]      *              0             0             1 
   183 x[10,3]      *              0             0             1 
   184 x[10,4]      *              0             0             1 
   185 x[10,5]      *              0             0             1 
   186 x[10,6]      *              0             0             1 
   187 x[10,7]      *              0             0             1 
   188 x[10,8]      *              0             0             1 
   189 x[10,9]      *              0             0             1 
   190 x[10,11]     *              0             0             1 
   191 x[10,12]     *              0             0             1 
   192 x[10,13]     *              0             0             1 
   193 x[10,14]     *              0             0             1 
   194 x[10,15]     *              0             0             1 
   195 x[10,16]     *              0             0             1 
   196 x[10,17]     *              0             0             1 
   197 x[10,18]     *              1             0             1 
   198 x[10,19]     *              0             0             1 
   199 x[10,20]     *              0             0             1 
   200 x[10,21]     *              0             0             1 
   201 x[11,1]      *              0             0             1 
   202 x[11,2]      *              0             0             1 
   203 x[11,3]      *              0             0             1 
   204 x[11,4]      *              0             0             1 
   205 x[11,5]      *              0             0             1 
   206 x[11,6]      *              0             0             1 
   207 x[11,7]      *              0             0             1 
   208 x[11,8]      *              0             0             1 
   209 x[11,9]      *              0             0             1 
   210 x[11,10]     *              0             0             1 
   211 x[11,12]     *              0             0             1 
   212 x[11,13]     *              0             0             1 
   213 x[11,14]     *              0             0             1 
   214 x[11,15]     *              0             0             1 
   215 x[11,16]     *              0             0             1 
   216 x[11,17]     *              0             0             1 
   217 x[11,18]     *              0             0             1 
   218 x[11,19]     *              1             0             1 
   219 x[11,20]     *              0             0             1 
   220 x[11,21]     *              0             0             1 
   221 x[12,1]      *              1             0             1 
   222 x[12,2]      *              0             0             1 
   223 x[12,3]      *              0             0             1 
   224 x[12,4]      *              0             0             1 
   225 x[12,5]      *              0             0             1 
   226 x[12,6]      *              0             0             1 
   227 x[12,7]      *              0             0             1 
   228 x[12,8]      *              0             0             1 
   229 x[12,9]      *              0             0             1 
   230 x[12,10]     *              0             0             1 
   231 x[12,11]     *              0             0             1 
   232 x[12,13]     *              0             0             1 
   233 x[12,14]     *              0             0             1 
   234 x[12,15]     *              0             0             1 
   235 x[12,16]     *              0             0             1 
   236 x[12,17]     *              0             0             1 
   237 x[12,18]     *              0             0             1 
   238 x[12,19]     *              0             0             1 
   239 x[12,20]     *              0             0             1 
   240 x[12,21]     *              0             0             1 
   241 x[13,1]      *              0             0             1 
   242 x[13,2]      *              0             0             1 
   243 x[13,3]      *              0             0             1 
   244 x[13,4]      *              0             0             1 
   245 x[13,5]      *              0             0             1 
   246 x[13,6]      *              0             0             1 
   247 x[13,7]      *              0             0             1 
   248 x[13,8]      *              1             0             1 
   249 x[13,9]      *              0             0             1 
   250 x[13,10]     *              0             0             1 
   251 x[13,11]     *              0             0             1 
   252 x[13,12]     *              0             0             1 
   253 x[13,14]     *              0             0             1 
   254 x[13,15]     *              0             0             1 
   255 x[13,16]     *              0             0             1 
   256 x[13,17]     *              0             0             1 
   257 x[13,18]     *              0             0             1 
   258 x[13,19]     *              0             0             1 
   259 x[13,20]     *              0             0             1 
   260 x[13,21]     *              0             0             1 
   261 x[14,1]      *              0             0             1 
   262 x[14,2]      *              0             0             1 
   263 x[14,3]      *              0             0             1 
   264 x[14,4]      *              0             0             1 
   265 x[14,5]      *              0             0             1 
   266 x[14,6]      *              0             0             1 
   267 x[14,7]      *              1             0             1 
   268 x[14,8]      *              0             0             1 
   269 x[14,9]      *              0             0             1 
   270 x[14,10]     *              0             0             1 
   271 x[14,11]     *              0             0             1 
   272 x[14,12]     *              0             0             1 
   273 x[14,13]     *              0             0             1 
   274 x[14,15]     *              0             0             1 
   275 x[14,16]     *              0             0             1 
   276 x[14,17]     *              0             0             1 
   277 x[14,18]     *              0             0             1 
   278 x[14,19]     *              0             0             1 
   279 x[14,20]     *              0             0             1 
   280 x[14,21]     *              0             0             1 
   281 x[15,1]      *              0             0             1 
   282 x[15,2]      *              0             0             1 
   283 x[15,3]      *              0             0             1 
   284 x[15,4]      *              0             0             1 
   285 x[15,5]      *              0             0             1 
   286 x[15,6]      *              0             0             1 
   287 x[15,7]      *              0             0             1 
   288 x[15,8]      *              0             0             1 
   289 x[15,9]      *              0             0             1 
   290 x[15,10]     *              0             0             1 
   291 x[15,11]     *              0             0             1 
   292 x[15,12]     *              0             0             1 
   293 x[15,13]     *              0             0             1 
   294 x[15,14]     *              0             0             1 
   295 x[15,16]     *              0             0             1 
   296 x[15,17]     *              1             0             1 
   297 x[15,18]     *              0             0             1 
   298 x[15,19]     *              0             0             1 
   299 x[15,20]     *              0             0             1 
   300 x[15,21]     *              0             0             1 
   301 x[16,1]      *              0             0             1 
   302 x[16,2]      *              1             0             1 
   303 x[16,3]      *              0             0             1 
   304 x[16,4]      *              0             0             1 
   305 x[16,5]      *              0             0             1 
   306 x[16,6]      *              0             0             1 
   307 x[16,7]      *              0             0             1 
   308 x[16,8]      *              0             0             1 
   309 x[16,9]      *              0             0             1 
   310 x[16,10]     *              0             0             1 
   311 x[16,11]     *              0             0             1 
   312 x[16,12]     *              0             0             1 
   313 x[16,13]     *              0             0             1 
   314 x[16,14]     *              0             0             1 
   315 x[16,15]     *              0             0             1 
   316 x[16,17]     *              0             0             1 
   317 x[16,18]     *              0             0             1 
   318 x[16,19]     *              0             0             1 
   319 x[16,20]     *              0             0             1 
   320 x[16,21]     *              0             0             1 
   321 x[17,1]      *              0             0             1 
   322 x[17,2]      *              0             0             1 
   323 x[17,3]      *              0             0             1 
   324 x[17,4]      *              0             0             1 
   325 x[17,5]      *              0             0             1 
   326 x[17,6]      *              0             0             1 
   327 x[17,7]      *              0             0             1 
   328 x[17,8]      *              0             0             1 
   329 x[17,9]      *              0             0             1 
   330 x[17,10]     *              0             0             1 
   331 x[17,11]     *              0             0             1 
   332 x[17,12]     *              1             0             1 
   333 x[17,13]     *              0             0             1 
   334 x[17,14]     *              0             0             1 
   335 x[17,15]     *              0             0             1 
   336 x[17,16]     *              0             0             1 
   337 x[17,18]     *              0             0             1 
   338 x[17,19]     *              0             0             1 
   339 x[17,20]     *              0             0             1 
   340 x[17,21]     *              0             0             1 
   341 x[18,1]      *              0             0             1 
   342 x[18,2]      *              0             0             1 
   343 x[18,3]      *              0             0             1 
   344 x[18,4]      *              0             0             1 
   345 x[18,5]      *              0             0             1 
   346 x[18,6]      *              0             0             1 
   347 x[18,7]      *              0             0             1 
   348 x[18,8]      *              0             0             1 
   349 x[18,9]      *              0             0             1 
   350 x[18,10]     *              0             0             1 
   351 x[18,11]     *              0             0             1 
   352 x[18,12]     *              0             0             1 
   353 x[18,13]     *              0             0             1 
   354 x[18,14]     *              0             0             1 
   355 x[18,15]     *              0             0             1 
   356 x[18,16]     *              1             0             1 
   357 x[18,17]     *              0             0             1 
   358 x[18,19]     *              0             0             1 
   359 x[18,20]     *              0             0             1 
   360 x[18,21]     *              0             0             1 
   361 x[19,1]      *              0             0             1 
   362 x[19,2]      *              0             0             1 
   363 x[19,3]      *              0             0             1 
   364 x[19,4]      *              1             0             1 
   365 x[19,5]      *              0             0             1 
   366 x[19,6]      *              0             0             1 
   367 x[19,7]      *              0             0             1 
   368 x[19,8]      *              0             0             1 
   369 x[19,9]      *              0             0             1 
   370 x[19,10]     *              0             0             1 
   371 x[19,11]     *              0             0             1 
   372 x[19,12]     *              0             0             1 
   373 x[19,13]     *              0             0             1 
   374 x[19,14]     *              0             0             1 
   375 x[19,15]     *              0             0             1 
   376 x[19,16]     *              0             0             1 
   377 x[19,17]     *              0             0             1 
   378 x[19,18]     *              0             0             1 
   379 x[19,20]     *              0             0             1 
   380 x[19,21]     *              0             0             1 
   381 x[20,1]      *              0             0             1 
   382 x[20,2]      *              0             0             1 
   383 x[20,3]      *              0             0             1 
   384 x[20,4]      *              0             0             1 
   385 x[20,5]      *              0             0             1 
   386 x[20,6]      *              0             0             1 
   387 x[20,7]      *              0             0             1 
   388 x[20,8]      *              0             0             1 
   389 x[20,9]      *              0             0             1 
   390 x[20,10]     *              0             0             1 
   391 x[20,11]     *              0             0             1 
   392 x[20,12]     *              0             0             1 
   393 x[20,13]     *              0             0             1 
   394 x[20,14]     *              0             0             1 
   395 x[20,15]     *              0             0             1 
   396 x[20,16]     *              0             0             1 
   397 x[20,17]     *              0             0             1 
   398 x[20,18]     *              0             0             1 
   399 x[20,19]     *              0             0             1 
   400 x[20,21]     *              1             0             1 
   401 x[21,1]      *              0             0             1 
   402 x[21,2]      *              0             0             1 
   403 x[21,3]      *              0             0             1 
   404 x[21,4]      *              0             0             1 
   405 x[21,5]      *              0             0             1 
   406 x[21,6]      *              0             0             1 
   407 x[21,7]      *              0             0             1 
   408 x[21,8]      *              0             0             1 
   409 x[21,9]      *              0             0             1 
   410 x[21,10]     *              1             0             1 
   411 x[21,11]     *              0             0             1 
   412 x[21,12]     *              0             0             1 
   413 x[21,13]     *              0             0             1 
   414 x[21,14]     *              0             0             1 
   415 x[21,15]     *              0             0             1 
   416 x[21,16]     *              0             0             1 
   417 x[21,17]     *              0             0             1 
   418 x[21,18]     *              0             0             1 
   419 x[21,19]     *              0             0             1 
   420 x[21,20]     *              0             0             1 
   421 y[1,2]                      0             0               
   422 y[1,3]                      0             0               
   423 y[1,4]                      0             0               
   424 y[1,5]                     20             0               
   425 y[1,6]                      0             0               
   426 y[1,7]                      0             0               
   427 y[1,8]                      0             0               
   428 y[1,9]                      0             0               
   429 y[1,10]                     0             0               
   430 y[1,11]                     0             0               
   431 y[1,12]                     0             0               
   432 y[1,13]                     0             0               
   433 y[1,14]                     0             0               
   434 y[1,15]                     0             0               
   435 y[1,16]                     0             0               
   436 y[1,17]                     0             0               
   437 y[1,18]                     0             0               
   438 y[1,19]                     0             0               
   439 y[1,20]                     0             0               
   440 y[1,21]                     0             0               
   441 y[2,1]                      0             0               
   442 y[2,3]                      0             0               
   443 y[2,4]                      0             0               
   444 y[2,5]                      0             0               
   445 y[2,6]                      8             0               
   446 y[2,7]                      0             0               
   447 y[2,8]                      0             0               
   448 y[2,9]                      0             0               
   449 y[2,10]                     0             0               
   450 y[2,11]                     0             0               
   451 y[2,12]                     0             0               
   452 y[2,13]                     0             0               
   453 y[2,14]                     0             0               
   454 y[2,15]                     0             0               
   455 y[2,16]                     0             0               
   456 y[2,17]                     0             0               
   457 y[2,18]                     0             0               
   458 y[2,19]                     0             0               
   459 y[2,20]                     0             0               
   460 y[2,21]                     0             0               
   461 y[3,1]                      0             0               
   462 y[3,2]                      0             0               
   463 y[3,4]                      0             0               
   464 y[3,5]                      0             0               
   465 y[3,6]                      0             0               
   466 y[3,7]                      0             0               
   467 y[3,8]                      0             0               
   468 y[3,9]                      0             0               
   469 y[3,10]                     0             0               
   470 y[3,11]                     0             0               
   471 y[3,12]                     0             0               
   472 y[3,13]                     0             0               
   473 y[3,14]                     0             0               
   474 y[3,15]                     0             0               
   475 y[3,16]                     0             0               
   476 y[3,17]                     0             0               
   477 y[3,18]                     0             0               
   478 y[3,19]                     0             0               
   479 y[3,20]                    14             0               
   480 y[3,21]                     0             0               
   481 y[4,1]                      0             0               
   482 y[4,2]                      0             0               
   483 y[4,3]                     15             0               
   484 y[4,5]                      0             0               
   485 y[4,6]                      0             0               
   486 y[4,7]                      0             0               
   487 y[4,8]                      0             0               
   488 y[4,9]                      0             0               
   489 y[4,10]                     0             0               
   490 y[4,11]                     0             0               
   491 y[4,12]                     0             0               
   492 y[4,13]                     0             0               
   493 y[4,14]                     0             0               
   494 y[4,15]                     0             0               
   495 y[4,16]                     0             0               
   496 y[4,17]                     0             0               
   497 y[4,18]                     0             0               
   498 y[4,19]                     0             0               
   499 y[4,20]                     0             0               
   500 y[4,21]                     0             0               
   501 y[5,1]                      0             0               
   502 y[5,2]                      0             0               
   503 y[5,3]                      0             0               
   504 y[5,4]                      0             0               
   505 y[5,6]                      0             0               
   506 y[5,7]                      0             0               
   507 y[5,8]                      0             0               
   508 y[5,9]                     19             0               
   509 y[5,10]                     0             0               
   510 y[5,11]                     0             0               
   511 y[5,12]                     0             0               
   512 y[5,13]                     0             0               
   513 y[5,14]                     0             0               
   514 y[5,15]                     0             0               
   515 y[5,16]                     0             0               
   516 y[5,17]                     0             0               
   517 y[5,18]                     0             0               
   518 y[5,19]                     0             0               
   519 y[5,20]                     0             0               
   520 y[5,21]                     0             0               
   521 y[6,1]                      0             0               
   522 y[6,2]                      0             0               
   523 y[6,3]                      0             0               
   524 y[6,4]                      0             0               
   525 y[6,5]                      0             0               
   526 y[6,7]                      0             0               
   527 y[6,8]                      0             0               
   528 y[6,9]                      0             0               
   529 y[6,10]                     0             0               
   530 y[6,11]                     0             0               
   531 y[6,12]                     0             0               
   532 y[6,13]                     0             0               
   533 y[6,14]                     7             0               
   534 y[6,15]                     0             0               
   535 y[6,16]                     0             0               
   536 y[6,17]                     0             0               
   537 y[6,18]                     0             0               
   538 y[6,19]                     0             0               
   539 y[6,20]                     0             0               
   540 y[6,21]                     0             0               
   541 y[7,1]                      0             0               
   542 y[7,2]                      0             0               
   543 y[7,3]                      0             0               
   544 y[7,4]                      0             0               
   545 y[7,5]                      0             0               
   546 y[7,6]                      0             0               
   547 y[7,8]                      0             0               
   548 y[7,9]                      0             0               
   549 y[7,10]                     0             0               
   550 y[7,11]                     0             0               
   551 y[7,12]                     0             0               
   552 y[7,13]                     5             0               
   553 y[7,14]                     0             0               
   554 y[7,15]                     0             0               
   555 y[7,16]                     0             0               
   556 y[7,17]                     0             0               
   557 y[7,18]                     0             0               
   558 y[7,19]                     0             0               
   559 y[7,20]                     0             0               
   560 y[7,21]                     0             0               
   561 y[8,1]                      0             0               
   562 y[8,2]                      0             0               
   563 y[8,3]                      0             0               
   564 y[8,4]                      0             0               
   565 y[8,5]                      0             0               
   566 y[8,6]                      0             0               
   567 y[8,7]                      0             0               
   568 y[8,9]                      0             0               
   569 y[8,10]                     0             0               
   570 y[8,11]                     0             0               
   571 y[8,12]                     0             0               
   572 y[8,13]                     0             0               
   573 y[8,14]                     0             0               
   574 y[8,15]                     3             0               
   575 y[8,16]                     0             0               
   576 y[8,17]                     0             0               
   577 y[8,18]                     0             0               
   578 y[8,19]                     0             0               
   579 y[8,20]                     0             0               
   580 y[8,21]                     0             0               
   581 y[9,1]                      0             0               
   582 y[9,2]                      0             0               
   583 y[9,3]                      0             0               
   584 y[9,4]                      0             0               
   585 y[9,5]                      0             0               
   586 y[9,6]                      0             0               
   587 y[9,7]                      0             0               
   588 y[9,8]                      0             0               
   589 y[9,10]                     0             0               
   590 y[9,11]                    18             0               
   591 y[9,12]                     0             0               
   592 y[9,13]                     0             0               
   593 y[9,14]                     0             0               
   594 y[9,15]                     0             0               
   595 y[9,16]                     0             0               
   596 y[9,17]                     0             0               
   597 y[9,18]                     0             0               
   598 y[9,19]                     0             0               
   599 y[9,20]                     0             0               
   600 y[9,21]                     0             0               
   601 y[10,1]                     0             0               
   602 y[10,2]                     0             0               
   603 y[10,3]                     0             0               
   604 y[10,4]                     0             0               
   605 y[10,5]                     0             0               
   606 y[10,6]                     0             0               
   607 y[10,7]                     0             0               
   608 y[10,8]                     0             0               
   609 y[10,9]                     0             0               
   610 y[10,11]                    0             0               
   611 y[10,12]                    0             0               
   612 y[10,13]                    0             0               
   613 y[10,14]                    0             0               
   614 y[10,15]                    0             0               
   615 y[10,16]                    0             0               
   616 y[10,17]                    0             0               
   617 y[10,18]                   11             0               
   618 y[10,19]                    0             0               
   619 y[10,20]                    0             0               
   620 y[10,21]                    0             0               
   621 y[11,1]                     0             0               
   622 y[11,2]                     0             0               
   623 y[11,3]                     0             0               
   624 y[11,4]                     0             0               
   625 y[11,5]                     0             0               
   626 y[11,6]                     0             0               
   627 y[11,7]                     0             0               
   628 y[11,8]                     0             0               
   629 y[11,9]                     0             0               
   630 y[11,10]                    0             0               
   631 y[11,12]                    0             0               
   632 y[11,13]                    0             0               
   633 y[11,14]                    0             0               
   634 y[11,15]                    0             0               
   635 y[11,16]                    0             0               
   636 y[11,17]                    0             0               
   637 y[11,18]                    0             0               
   638 y[11,19]                   17             0               
   639 y[11,20]                    0             0               
   640 y[11,21]                    0             0               
   641 y[12,1]                     0             0               
   642 y[12,2]                     0             0               
   643 y[12,3]                     0             0               
   644 y[12,4]                     0             0               
   645 y[12,5]                     0             0               
   646 y[12,6]                     0             0               
   647 y[12,7]                     0             0               
   648 y[12,8]                     0             0               
   649 y[12,9]                     0             0               
   650 y[12,10]                    0             0               
   651 y[12,11]                    0             0               
   652 y[12,13]                    0             0               
   653 y[12,14]                    0             0               
   654 y[12,15]                    0             0               
   655 y[12,16]                    0             0               
   656 y[12,17]                    0             0               
   657 y[12,18]                    0             0               
   658 y[12,19]                    0             0               
   659 y[12,20]                    0             0               
   660 y[12,21]                    0             0               
   661 y[13,1]                     0             0               
   662 y[13,2]                     0             0               
   663 y[13,3]                     0             0               
   664 y[13,4]                     0             0               
   665 y[13,5]                     0             0               
   666 y[13,6]                     0             0               
   667 y[13,7]                     0             0               
   668 y[13,8]                     4             0               
   669 y[13,9]                     0             0               
   670 y[13,10]                    0             0               
   671 y[13,11]                    0             0               
   672 y[13,12]                    0             0               
   673 y[13,14]                    0             0               
   674 y[13,15]                    0             0               
   675 y[13,16]                    0             0               
   676 y[13,17]                    0             0               
   677 y[13,18]                    0             0               
   678 y[13,19]                    0             0               
   679 y[13,20]                    0             0               
   680 y[13,21]                    0             0               
   681 y[14,1]                     0             0               
   682 y[14,2]                     0             0               
   683 y[14,3]                     0             0               
   684 y[14,4]                     0             0               
   685 y[14,5]                     0             0               
   686 y[14,6]                     0             0               
   687 y[14,7]                     6             0               
   688 y[14,8]                     0             0               
   689 y[14,9]                     0             0               
   690 y[14,10]                    0             0               
   691 y[14,11]                    0             0               
   692 y[14,12]                    0             0               
   693 y[14,13]                    0             0               
   694 y[14,15]                    0             0               
   695 y[14,16]                    0             0               
   696 y[14,17]                    0             0               
   697 y[14,18]                    0             0               
   698 y[14,19]                    0             0               
   699 y[14,20]                    0             0               
   700 y[14,21]                    0             0               
   701 y[15,1]                     0             0               
   702 y[15,2]                     0             0               
   703 y[15,3]                     0             0               
   704 y[15,4]                     0             0               
   705 y[15,5]                     0             0               
   706 y[15,6]                     0             0               
   707 y[15,7]                     0             0               
   708 y[15,8]                     0             0               
   709 y[15,9]                     0             0               
   710 y[15,10]                    0             0               
   711 y[15,11]                    0             0               
   712 y[15,12]                    0             0               
   713 y[15,13]                    0             0               
   714 y[15,14]                    0             0               
   715 y[15,16]                    0             0               
   716 y[15,17]                    2             0               
   717 y[15,18]                    0             0               
   718 y[15,19]                    0             0               
   719 y[15,20]                    0             0               
   720 y[15,21]                    0             0               
   721 y[16,1]                     0             0               
   722 y[16,2]                     9             0               
   723 y[16,3]                     0             0               
   724 y[16,4]                     0             0               
   725 y[16,5]                     0             0               
   726 y[16,6]                     0             0               
   727 y[16,7]                     0             0               
   728 y[16,8]                     0             0               
   729 y[16,9]                     0             0               
   730 y[16,10]                    0             0               
   731 y[16,11]                    0             0               
   732 y[16,12]                    0             0               
   733 y[16,13]                    0             0               
   734 y[16,14]                    0             0               
   735 y[16,15]                    0             0               
   736 y[16,17]                    0             0               
   737 y[16,18]                    0             0               
   738 y[16,19]                    0             0               
   739 y[16,20]                    0             0               
   740 y[16,21]                    0             0               
   741 y[17,1]                     0             0               
   742 y[17,2]                     0             0               
   743 y[17,3]                     0             0               
   744 y[17,4]                     0             0               
   745 y[17,5]                     0             0               
   746 y[17,6]                     0             0               
   747 y[17,7]                     0             0               
   748 y[17,8]                     0             0               
   749 y[17,9]                     0             0               
   750 y[17,10]                    0             0               
   751 y[17,11]                    0             0               
   752 y[17,12]                    1             0               
   753 y[17,13]                    0             0               
   754 y[17,14]                    0             0               
   755 y[17,15]                    0             0               
   756 y[17,16]                    0             0               
   757 y[17,18]                    0             0               
   758 y[17,19]                    0             0               
   759 y[17,20]                    0             0               
   760 y[17,21]                    0             0               
   761 y[18,1]                     0             0               
   762 y[18,2]                     0             0               
   763 y[18,3]                     0             0               
   764 y[18,4]                     0             0               
   765 y[18,5]                     0             0               
   766 y[18,6]                     0             0               
   767 y[18,7]                     0             0               
   768 y[18,8]                     0             0               
   769 y[18,9]                     0             0               
   770 y[18,10]                    0             0               
   771 y[18,11]                    0             0               
   772 y[18,12]                    0             0               
   773 y[18,13]                    0             0               
   774 y[18,14]                    0             0               
   775 y[18,15]                    0             0               
   776 y[18,16]                   10             0               
   777 y[18,17]                    0             0               
   778 y[18,19]                    0             0               
   779 y[18,20]                    0             0               
   780 y[18,21]                    0             0               
   781 y[19,1]                     0             0               
   782 y[19,2]                     0             0               
   783 y[19,3]                     0             0               
   784 y[19,4]                    16             0               
   785 y[19,5]                     0             0               
   786 y[19,6]                     0             0               
   787 y[19,7]                     0             0               
   788 y[19,8]                     0             0               
   789 y[19,9]                     0             0               
   790 y[19,10]                    0             0               
   791 y[19,11]                    0             0               
   792 y[19,12]                    0             0               
   793 y[19,13]                    0             0               
   794 y[19,14]                    0             0               
   795 y[19,15]                    0             0               
   796 y[19,16]                    0             0               
   797 y[19,17]                    0             0               
   798 y[19,18]                    0             0               
   799 y[19,20]                    0             0               
   800 y[19,21]                    0             0               
   801 y[20,1]                     0             0               
   802 y[20,2]                     0             0               
   803 y[20,3]                     0             0               
   804 y[20,4]                     0             0               
   805 y[20,5]                     0             0               
   806 y[20,6]                     0             0               
   807 y[20,7]                     0             0               
   808 y[20,8]                     0             0               
   809 y[20,9]                     0             0               
   810 y[20,10]                    0             0               
   811 y[20,11]                    0             0               
   812 y[20,12]                    0             0               
   813 y[20,13]                    0             0               
   814 y[20,14]                    0             0               
   815 y[20,15]                    0             0               
   816 y[20,16]                    0             0               
   817 y[20,17]                    0             0               
   818 y[20,18]                    0             0               
   819 y[20,19]                    0             0               
   820 y[20,21]                   13             0               
   821 y[21,1]                     0             0               
   822 y[21,2]                     0             0               
   823 y[21,3]                     0             0               
   824 y[21,4]                     0             0               
   825 y[21,5]                     0             0               
   826 y[21,6]                     0             0               
   827 y[21,7]                     0             0               
   828 y[21,8]                     0             0               
   829 y[21,9]                     0             0               
   830 y[21,10]                   12             0               
   831 y[21,11]                    0             0               
   832 y[21,12]                    0             0               
   833 y[21,13]                    0             0               
   834 y[21,14]                    0             0               
   835 y[21,15]                    0             0               
   836 y[21,16]                    0             0               
   837 y[21,17]                    0             0               
   838 y[21,18]                    0             0               
   839 y[21,19]                    0             0               
   840 y[21,20]                    0             0               

Integer feasibility conditions:

KKT.PE: max.abs.err = 0.00e+00 on row 0
        max.rel.err = 0.00e+00 on row 0
        High quality

KKT.PB: max.abs.err = 8.88e-16 on row 469
        max.rel.err = 8.88e-16 on column 431
        High quality

End of output
