data;
param n := 89;
param : E : c :=
	1	2	11
	1	3	31
	1	4	18
	1	5	16
	1	6	57
	1	7	29
	1	8	33
	1	9	44
	1	10	54
	1	11	40
	1	12	55
	1	13	38
	1	14	53
	1	15	31
	1	16	52
	1	17	20
	1	18	41
	1	19	54
	1	20	64
	1	21	58
	1	22	36
	1	23	29
	1	24	53
	1	25	24
	1	26	45
	1	27	34
	1	28	9
	1	29	25
	1	30	38
	1	31	18
	1	32	41
	1	33	57
	1	34	46
	1	35	50
	1	36	33
	1	37	46
	1	38	30
	1	39	26
	1	40	56
	1	41	21
	1	42	34
	1	43	56
	1	44	29
	1	45	51
	1	46	68
	1	47	37
	1	48	24
	1	49	55
	1	50	34
	1	51	21
	1	52	17
	1	53	24
	1	54	62
	1	55	42
	1	56	29
	1	57	18
	1	58	37
	1	59	55
	1	60	51
	1	61	27
	1	62	15
	1	63	37
	1	64	50
	1	65	51
	1	66	25
	1	67	34
	1	68	52
	1	69	33
	1	70	11
	1	71	35
	1	72	61
	1	73	61
	1	74	70
	1	75	7
	1	76	21
	1	77	54
	1	78	59
	1	79	61
	1	80	27
	1	81	21
	1	82	34
	1	83	36
	1	84	60
	1	85	8
	1	86	20
	1	87	54
	1	88	27
	1	89	36
	2	1	11
	2	3	38
	2	4	19
	2	5	7
	2	6	49
	2	7	21
	2	8	22
	2	9	55
	2	10	55
	2	11	39
	2	12	63
	2	13	32
	2	14	61
	2	15	19
	2	16	56
	2	17	18
	2	18	41
	2	19	44
	2	20	67
	2	21	67
	2	22	46
	2	23	28
	2	24	62
	2	25	35
	2	26	35
	2	27	31
	2	28	10
	2	29	27
	2	30	49
	2	31	24
	2	32	48
	2	33	60
	2	34	56
	2	35	40
	2	36	41
	2	37	36
	2	38	33
	2	39	38
	2	40	67
	2	41	23
	2	42	36
	2	43	49
	2	44	36
	2	45	42
	2	46	70
	2	47	49
	2	48	15
	2	49	55
	2	50	44
	2	51	10
	2	52	28
	2	53	18
	2	54	52
	2	55	31
	2	56	24
	2	57	29
	2	58	30
	2	59	65
	2	60	47
	2	61	31
	2	62	20
	2	63	46
	2	64	46
	2	65	53
	2	66	23
	2	67	40
	2	68	51
	2	69	26
	2	70	8
	2	71	35
	2	72	72
	2	73	61
	2	74	81
	2	75	13
	2	76	32
	2	77	64
	2	78	65
	2	79	61
	2	80	36
	2	81	18
	2	82	43
	2	83	47
	2	84	51
	2	85	17
	2	86	23
	2	87	60
	2	88	29
	2	89	37
	3	1	31
	3	2	38
	3	4	22
	3	5	38
	3	6	87
	3	7	42
	3	8	58
	3	9	35
	3	10	82
	3	11	30
	3	12	72
	3	13	69
	3	14	65
	3	15	54
	3	16	76
	3	17	50
	3	18	29
	3	19	81
	3	20	89
	3	21	71
	3	22	44
	3	23	59
	3	24	62
	3	25	29
	3	26	72
	3	27	64
	3	28	29
	3	29	18
	3	30	39
	3	31	44
	3	32	60
	3	33	81
	3	34	23
	3	35	78
	3	36	4
	3	37	74
	3	38	16
	3	39	24
	3	40	45
	3	41	19
	3	42	62
	3	43	86
	3	44	51
	3	45	80
	3	46	92
	3	47	31
	3	48	53
	3	49	36
	3	50	11
	3	51	45
	3	52	29
	3	53	54
	3	54	88
	3	55	67
	3	56	33
	3	57	28
	3	58	67
	3	59	36
	3	60	82
	3	61	52
	3	62	44
	3	63	52
	3	64	81
	3	65	78
	3	66	28
	3	67	57
	3	68	81
	3	69	43
	3	70	41
	3	71	24
	3	72	55
	3	73	89
	3	74	59
	3	75	25
	3	76	32
	3	77	35
	3	78	79
	3	79	90
	3	80	7
	3	81	28
	3	82	8
	3	83	30
	3	84	89
	3	85	34
	3	86	49
	3	87	75
	3	88	55
	3	89	65
	4	1	18
	4	2	19
	4	3	22
	4	5	16
	4	6	68
	4	7	20
	4	8	36
	4	9	50
	4	10	71
	4	11	22
	4	12	72
	4	13	51
	4	14	68
	4	15	32
	4	16	70
	4	17	35
	4	18	24
	4	19	60
	4	20	81
	4	21	74
	4	22	49
	4	23	45
	4	24	67
	4	25	34
	4	26	51
	4	27	49
	4	28	10
	4	29	8
	4	30	48
	4	31	35
	4	32	58
	4	33	74
	4	34	44
	4	35	57
	4	36	26
	4	37	52
	4	38	14
	4	39	33
	4	40	62
	4	41	5
	4	42	52
	4	43	67
	4	44	47
	4	45	60
	4	46	85
	4	47	44
	4	48	33
	4	49	38
	4	50	31
	4	51	23
	4	52	29
	4	53	36
	4	54	66
	4	55	44
	4	56	14
	4	57	30
	4	58	48
	4	59	56
	4	60	65
	4	61	44
	4	62	33
	4	63	53
	4	64	65
	4	65	68
	4	66	9
	4	67	52
	4	68	68
	4	69	22
	4	70	25
	4	71	18
	4	72	69
	4	73	78
	4	74	76
	4	75	11
	4	76	33
	4	77	55
	4	78	76
	4	79	78
	4	80	23
	4	81	6
	4	82	29
	4	83	43
	4	84	67
	4	85	25
	4	86	38
	4	87	72
	4	88	44
	4	89	53
	5	1	16
	5	2	7
	5	3	38
	5	4	16
	5	6	52
	5	7	14
	5	8	20
	5	9	59
	5	10	61
	5	11	33
	5	12	69
	5	13	35
	5	14	68
	5	15	16
	5	16	63
	5	17	24
	5	18	36
	5	19	44
	5	20	73
	5	21	73
	5	22	52
	5	23	34
	5	24	68
	5	25	40
	5	26	35
	5	27	36
	5	28	10
	5	29	24
	5	30	54
	5	31	31
	5	32	54
	5	33	67
	5	34	57
	5	35	41
	5	36	41
	5	37	36
	5	38	30
	5	39	41
	5	40	71
	5	41	21
	5	42	43
	5	43	51
	5	44	43
	5	45	44
	5	46	77
	5	47	52
	5	48	18
	5	49	51
	5	50	45
	5	51	7
	5	52	33
	5	53	22
	5	54	51
	5	55	29
	5	56	18
	5	57	34
	5	58	33
	5	59	68
	5	60	51
	5	61	38
	5	62	26
	5	63	53
	5	64	51
	5	65	59
	5	66	18
	5	67	46
	5	68	57
	5	69	19
	5	70	15
	5	71	31
	5	72	76
	5	73	66
	5	74	85
	5	75	15
	5	76	37
	5	77	67
	5	78	72
	5	79	66
	5	80	37
	5	81	14
	5	82	43
	5	83	51
	5	84	51
	5	85	23
	5	86	29
	5	87	67
	5	88	36
	5	89	43
	6	1	57
	6	2	49
	6	3	87
	6	4	68
	6	5	52
	6	7	59
	6	8	35
	6	9	93
	6	10	42
	6	11	84
	6	12	73
	6	13	18
	6	14	79
	6	15	41
	6	16	54
	6	17	39
	6	18	87
	6	19	22
	6	20	55
	6	21	82
	6	22	77
	6	23	34
	6	24	83
	6	25	74
	6	26	24
	6	27	27
	6	28	59
	6	29	76
	6	30	83
	6	31	52
	6	32	62
	6	33	55
	6	34	101
	6	35	19
	6	36	89
	6	37	21
	6	38	81
	6	39	79
	6	40	105
	6	41	72
	6	42	41
	6	43	1
	6	44	56
	6	45	13
	6	46	58
	6	47	88
	6	48	34
	6	49	101
	6	50	91
	6	51	45
	6	52	67
	6	53	32
	6	54	29
	6	55	34
	6	56	68
	6	57	69
	6	58	20
	6	59	108
	6	60	17
	6	61	49
	6	62	48
	6	63	69
	6	64	18
	6	65	45
	6	66	70
	6	67	53
	6	68	32
	6	69	63
	6	70	45
	6	71	82
	6	72	105
	6	73	38
	6	74	118
	6	75	62
	6	76	69
	6	77	108
	6	78	67
	6	79	38
	6	80	83
	6	81	65
	6	82	90
	6	83	87
	6	84	18
	6	85	56
	6	86	44
	6	87	64
	6	88	42
	6	89	37
	7	1	29
	7	2	21
	7	3	42
	7	4	20
	7	5	14
	7	6	59
	7	8	24
	7	9	69
	7	10	74
	7	11	26
	7	12	83
	7	13	45
	7	14	81
	7	15	18
	7	16	76
	7	17	37
	7	18	29
	7	19	46
	7	20	86
	7	21	87
	7	22	65
	7	23	47
	7	24	81
	7	25	51
	7	26	37
	7	27	48
	7	28	21
	7	29	24
	7	30	65
	7	31	44
	7	32	68
	7	33	81
	7	34	63
	7	35	44
	7	36	45
	7	37	40
	7	38	28
	7	39	52
	7	40	81
	7	41	23
	7	42	56
	7	43	59
	7	44	57
	7	45	48
	7	46	90
	7	47	63
	7	48	29
	7	49	43
	7	50	51
	7	51	16
	7	52	45
	7	53	34
	7	54	51
	7	55	29
	7	56	11
	7	57	46
	7	58	42
	7	59	75
	7	60	62
	7	61	52
	7	62	40
	7	63	66
	7	64	61
	7	65	73
	7	66	15
	7	67	60
	7	68	69
	7	69	5
	7	70	29
	7	71	26
	7	72	87
	7	73	79
	7	74	95
	7	75	25
	7	76	49
	7	77	74
	7	78	86
	7	79	79
	7	80	43
	7	81	13
	7	82	48
	7	83	62
	7	84	54
	7	85	36
	7	86	43
	7	87	81
	7	88	49
	7	89	56
	8	1	33
	8	2	22
	8	3	58
	8	4	36
	8	5	20
	8	6	35
	8	7	24
	8	9	76
	8	10	58
	8	11	49
	8	12	76
	8	13	24
	8	14	77
	8	15	6
	8	16	64
	8	17	27
	8	18	52
	8	19	24
	8	20	71
	8	21	82
	8	22	66
	8	23	33
	8	24	79
	8	25	56
	8	26	14
	8	27	31
	8	28	30
	8	29	43
	8	30	69
	8	31	40
	8	32	61
	8	33	67
	8	34	77
	8	35	21
	8	36	61
	8	37	17
	8	38	49
	8	39	59
	8	40	89
	8	41	41
	8	42	44
	8	43	35
	8	44	51
	8	45	25
	8	46	75
	8	47	70
	8	48	14
	8	49	67
	8	50	65
	8	51	13
	8	52	49
	8	53	19
	8	54	30
	8	55	9
	8	56	33
	8	57	50
	8	58	20
	8	59	87
	8	60	40
	8	61	44
	8	62	35
	8	63	63
	8	64	40
	8	65	58
	8	66	36
	8	67	52
	8	68	51
	8	69	27
	8	70	24
	8	71	48
	8	72	92
	8	73	60
	8	74	103
	8	75	35
	8	76	52
	8	77	86
	8	78	75
	8	79	60
	8	80	57
	8	81	32
	8	82	64
	8	83	69
	8	84	31
	8	85	37
	8	86	34
	8	87	71
	8	88	39
	8	89	42
	9	1	44
	9	2	55
	9	3	35
	9	4	50
	9	5	59
	9	6	93
	9	7	69
	9	8	76
	9	10	71
	9	11	65
	9	12	48
	9	13	76
	9	14	38
	9	15	74
	9	16	61
	9	17	56
	9	18	64
	9	19	96
	9	20	73
	9	21	43
	9	22	20
	9	23	59
	9	24	33
	9	25	20
	9	26	88
	9	27	67
	9	28	49
	9	29	50
	9	30	12
	9	31	42
	9	32	43
	9	33	65
	9	34	21
	9	35	92
	9	36	32
	9	37	88
	9	38	51
	9	39	17
	9	40	12
	9	41	48
	9	42	57
	9	43	93
	9	44	40
	9	45	92
	9	46	76
	9	47	6
	9	48	65
	9	49	71
	9	50	25
	9	51	64
	9	52	28
	9	53	64
	9	54	105
	9	55	85
	9	56	63
	9	57	26
	9	58	76
	9	59	18
	9	60	82
	9	61	46
	9	62	46
	9	63	31
	9	64	81
	9	65	66
	9	66	58
	9	67	46
	9	68	76
	9	69	72
	9	70	53
	9	71	59
	9	72	20
	9	73	81
	9	74	27
	9	75	44
	9	76	25
	9	77	18
	9	78	58
	9	79	81
	9	80	29
	9	81	56
	9	82	29
	9	83	7
	9	84	101
	9	85	40
	9	86	50
	9	87	55
	9	88	52
	9	89	60
	10	1	54
	10	2	55
	10	3	82
	10	4	71
	10	5	61
	10	6	42
	10	7	74
	10	8	58
	10	9	71
	10	11	93
	10	12	35
	10	13	36
	10	14	44
	10	15	62
	10	16	14
	10	17	37
	10	18	95
	10	19	60
	10	20	14
	10	21	44
	10	22	51
	10	23	27
	10	24	49
	10	25	57
	10	26	57
	10	27	27
	10	28	62
	10	29	79
	10	30	60
	10	31	38
	10	32	30
	10	33	13
	10	34	87
	10	35	55
	10	36	82
	10	37	54
	10	38	84
	10	39	64
	10	40	80
	10	41	75
	10	42	20
	10	43	41
	10	44	32
	10	45	51
	10	46	18
	10	47	68
	10	48	47
	10	49	109
	10	50	80
	10	51	59
	10	52	53
	10	53	41
	10	54	68
	10	55	63
	10	56	80
	10	57	55
	10	58	40
	10	59	89
	10	60	25
	10	61	29
	10	62	39
	10	63	41
	10	64	24
	10	65	5
	10	66	78
	10	67	26
	10	68	10
	10	69	79
	10	70	47
	10	71	89
	10	72	76
	10	73	9
	10	74	90
	10	75	61
	10	76	52
	10	77	89
	10	78	27
	10	79	10
	10	80	75
	10	81	73
	10	82	81
	10	83	67
	10	84	58
	10	85	48
	10	86	34
	10	87	25
	10	88	27
	10	89	18
	11	1	40
	11	2	39
	11	3	30
	11	4	22
	11	5	33
	11	6	84
	11	7	26
	11	8	49
	11	9	65
	11	10	93
	11	12	94
	11	13	69
	11	14	89
	11	15	43
	11	16	92
	11	17	56
	11	18	3
	11	19	71
	11	20	104
	11	21	95
	11	22	69
	11	23	66
	11	24	87
	11	25	53
	11	26	63
	11	27	69
	11	28	32
	11	29	17
	11	30	66
	11	31	58
	11	32	80
	11	33	97
	11	34	52
	11	35	69
	11	36	34
	11	37	66
	11	38	14
	11	39	51
	11	40	76
	11	41	20
	11	42	74
	11	43	84
	11	44	69
	11	45	74
	11	46	108
	11	47	60
	11	48	51
	11	49	18
	11	50	41
	11	51	39
	11	52	50
	11	53	56
	11	54	76
	11	55	55
	11	56	16
	11	57	50
	11	58	66
	11	59	65
	11	60	85
	11	61	67
	11	62	55
	11	63	74
	11	64	84
	11	65	91
	11	66	16
	11	67	74
	11	68	90
	11	69	23
	11	70	46
	11	71	6
	11	72	85
	11	73	99
	11	74	89
	11	75	33
	11	76	54
	11	77	64
	11	78	99
	11	79	99
	11	80	36
	11	81	20
	11	82	38
	11	83	59
	11	84	80
	11	85	47
	11	86	60
	11	87	94
	11	88	66
	11	89	75
	12	1	55
	12	2	63
	12	3	72
	12	4	72
	12	5	69
	12	6	73
	12	7	83
	12	8	76
	12	9	48
	12	10	35
	12	11	94
	12	13	61
	12	14	11
	12	15	78
	12	16	21
	12	17	49
	12	18	94
	12	19	87
	12	20	30
	12	21	9
	12	22	29
	12	23	44
	12	24	16
	12	25	43
	12	26	80
	12	27	50
	12	28	64
	12	29	77
	12	30	37
	12	31	39
	12	32	15
	12	33	23
	12	34	68
	12	35	82
	12	36	71
	12	37	79
	12	38	81
	12	39	48
	12	40	52
	12	41	74
	12	42	34
	12	43	72
	12	44	26
	12	45	78
	12	46	31
	12	47	47
	12	48	62
	12	49	106
	12	50	66
	12	51	70
	12	52	44
	12	53	58
	12	54	96
	12	55	84
	12	56	84
	12	57	44
	12	58	63
	12	59	65
	12	60	57
	12	61	32
	12	62	43
	12	63	20
	12	64	56
	12	65	30
	12	66	80
	12	67	24
	12	68	44
	12	69	88
	12	70	55
	12	71	88
	12	72	45
	12	73	43
	12	74	59
	12	75	61
	12	76	40
	12	77	65
	12	78	11
	12	79	44
	12	80	64
	12	81	76
	12	82	68
	12	83	46
	12	84	88
	12	85	47
	12	86	42
	12	87	10
	12	88	37
	12	89	37
	13	1	38
	13	2	32
	13	3	69
	13	4	51
	13	5	35
	13	6	18
	13	7	45
	13	8	24
	13	9	76
	13	10	36
	13	11	69
	13	12	61
	13	14	65
	13	15	29
	13	16	45
	13	17	21
	13	18	71
	13	19	25
	13	20	50
	13	21	69
	13	22	60
	13	23	18
	13	24	69
	13	25	56
	13	26	20
	13	27	12
	13	28	41
	13	29	59
	13	30	66
	13	31	34
	13	32	48
	13	33	47
	13	34	83
	13	35	20
	13	36	71
	13	37	18
	13	38	65
	13	39	61
	13	40	88
	13	41	55
	13	42	27
	13	43	17
	13	44	41
	13	45	17
	13	46	54
	13	47	71
	13	48	17
	13	49	86
	13	50	73
	13	51	30
	13	52	49
	13	53	15
	13	54	34
	13	55	27
	13	56	53
	13	57	51
	13	58	3
	13	59	90
	13	60	17
	13	61	33
	13	62	30
	13	63	54
	13	64	17
	13	65	37
	13	66	54
	13	67	39
	13	68	28
	13	69	49
	13	70	28
	13	71	66
	13	72	89
	13	73	37
	13	74	101
	13	75	44
	13	76	51
	13	77	90
	13	78	58
	13	79	37
	13	80	65
	13	81	49
	13	82	72
	13	83	69
	13	84	27
	13	85	38
	13	86	26
	13	87	54
	13	88	27
	13	89	24
	14	1	53
	14	2	61
	14	3	65
	14	4	68
	14	5	68
	14	6	79
	14	7	81
	14	8	77
	14	9	38
	14	10	44
	14	11	89
	14	12	11
	14	13	65
	14	15	78
	14	16	30
	14	17	51
	14	18	89
	14	19	90
	14	20	40
	14	21	6
	14	22	21
	14	23	47
	14	24	6
	14	25	37
	14	26	83
	14	27	54
	14	28	62
	14	29	72
	14	30	28
	14	31	38
	14	32	17
	14	33	33
	14	34	59
	14	35	85
	14	36	63
	14	37	82
	14	38	76
	14	39	41
	14	40	41
	14	41	69
	14	42	39
	14	43	78
	14	44	26
	14	45	83
	14	46	41
	14	47	38
	14	48	64
	14	49	100
	14	50	58
	14	51	70
	14	52	39
	14	53	59
	14	54	100
	14	55	86
	14	56	81
	14	57	39
	14	58	67
	14	59	55
	14	60	63
	14	61	33
	14	62	43
	14	63	15
	14	64	62
	14	65	38
	14	66	77
	14	67	26
	14	68	52
	14	69	86
	14	70	55
	14	71	83
	14	72	35
	14	73	52
	14	74	48
	14	75	58
	14	76	35
	14	77	55
	14	78	21
	14	79	53
	14	80	58
	14	81	73
	14	82	61
	14	83	38
	14	84	92
	14	85	45
	14	86	43
	14	87	20
	14	88	39
	14	89	42
	15	1	31
	15	2	19
	15	3	54
	15	4	32
	15	5	16
	15	6	41
	15	7	18
	15	8	6
	15	9	74
	15	10	62
	15	11	43
	15	12	78
	15	13	29
	15	14	78
	15	16	67
	15	17	28
	15	18	46
	15	19	29
	15	20	75
	15	21	83
	15	22	65
	15	23	36
	15	24	79
	15	25	54
	15	26	20
	15	27	35
	15	28	26
	15	29	38
	15	30	68
	15	31	40
	15	32	63
	15	33	71
	15	34	74
	15	35	26
	15	36	57
	15	37	22
	15	38	44
	15	39	57
	15	40	87
	15	41	36
	15	42	47
	15	43	41
	15	44	52
	15	45	31
	15	46	79
	15	47	68
	15	48	16
	15	49	61
	15	50	61
	15	51	10
	15	52	47
	15	53	21
	15	54	35
	15	55	13
	15	56	28
	15	57	49
	15	58	26
	15	59	84
	15	60	46
	15	61	46
	15	62	35
	15	63	64
	15	64	46
	15	65	62
	15	66	30
	15	67	54
	15	68	55
	15	69	21
	15	70	24
	15	71	43
	15	72	91
	15	73	65
	15	74	101
	15	75	31
	15	76	51
	15	77	83
	15	78	78
	15	79	65
	15	80	53
	15	81	27
	15	82	60
	15	83	67
	15	84	37
	15	85	36
	15	86	36
	15	87	73
	15	88	41
	15	89	46
	16	1	52
	16	2	56
	16	3	76
	16	4	70
	16	5	63
	16	6	54
	16	7	76
	16	8	64
	16	9	61
	16	10	14
	16	11	92
	16	12	21
	16	13	45
	16	14	30
	16	15	67
	16	17	39
	16	18	94
	16	19	70
	16	20	13
	16	21	31
	16	22	41
	16	23	31
	16	24	36
	16	25	50
	16	26	65
	16	27	34
	16	28	61
	16	29	77
	16	30	49
	16	31	35
	16	32	19
	16	33	5
	16	34	79
	16	35	65
	16	36	76
	16	37	63
	16	38	82
	16	39	56
	16	40	68
	16	41	73
	16	42	20
	16	43	53
	16	44	25
	16	45	61
	16	46	16
	16	47	59
	16	48	51
	16	49	107
	16	50	73
	16	51	62
	16	52	47
	16	53	46
	16	54	79
	16	55	70
	16	56	80
	16	57	49
	16	58	48
	16	59	79
	16	60	37
	16	61	26
	16	62	37
	16	63	30
	16	64	36
	16	65	9
	16	66	77
	16	67	19
	16	68	23
	16	69	82
	16	70	48
	16	71	88
	16	72	64
	16	73	22
	16	74	78
	16	75	60
	16	76	45
	16	77	79
	16	78	14
	16	79	23
	16	80	70
	16	81	73
	16	82	75
	16	83	58
	16	84	69
	16	85	45
	16	86	33
	16	87	11
	16	88	27
	16	89	22
	17	1	20
	17	2	18
	17	3	50
	17	4	35
	17	5	24
	17	6	39
	17	7	37
	17	8	27
	17	9	56
	17	10	37
	17	11	56
	17	12	49
	17	13	21
	17	14	51
	17	15	28
	17	16	39
	17	18	58
	17	19	42
	17	20	49
	17	21	55
	17	22	41
	17	23	10
	17	24	53
	17	25	36
	17	26	34
	17	27	14
	17	28	25
	17	29	43
	17	30	47
	17	31	15
	17	32	35
	17	33	43
	17	34	63
	17	35	37
	17	36	52
	17	37	33
	17	38	49
	17	39	41
	17	40	67
	17	41	39
	17	42	19
	17	43	38
	17	44	24
	17	45	36
	17	46	53
	17	47	50
	17	48	13
	17	49	73
	17	50	53
	17	51	22
	17	52	29
	17	53	9
	17	54	51
	17	55	35
	17	56	42
	17	57	31
	17	58	20
	17	59	70
	17	60	31
	17	61	18
	17	62	10
	17	63	37
	17	64	30
	17	65	35
	17	66	41
	17	67	26
	17	68	33
	17	69	42
	17	70	10
	17	71	53
	17	72	69
	17	73	43
	17	74	81
	17	75	26
	17	76	31
	17	77	69
	17	78	50
	17	79	43
	17	80	46
	17	81	36
	17	82	53
	17	83	49
	17	84	46
	17	85	17
	17	86	8
	17	87	45
	17	88	13
	17	89	19
	18	1	41
	18	2	41
	18	3	29
	18	4	24
	18	5	36
	18	6	87
	18	7	29
	18	8	52
	18	9	64
	18	10	95
	18	11	3
	18	12	94
	18	13	71
	18	14	89
	18	15	46
	18	16	94
	18	17	58
	18	19	74
	18	20	105
	18	21	95
	18	22	69
	18	23	68
	18	24	88
	18	25	53
	18	26	66
	18	27	71
	18	28	33
	18	29	17
	18	30	66
	18	31	59
	18	32	81
	18	33	98
	18	34	51
	18	35	72
	18	36	33
	18	37	69
	18	38	14
	18	39	50
	18	40	75
	18	41	21
	18	42	75
	18	43	86
	18	44	70
	18	45	77
	18	46	109
	18	47	59
	18	48	54
	18	49	15
	18	50	40
	18	51	41
	18	52	51
	18	53	58
	18	54	79
	18	55	58
	18	56	18
	18	57	50
	18	58	68
	18	59	64
	18	60	87
	18	61	68
	18	62	57
	18	63	75
	18	64	86
	18	65	92
	18	66	18
	18	67	75
	18	68	91
	18	69	26
	18	70	48
	18	71	6
	18	72	84
	18	73	101
	18	74	88
	18	75	34
	18	76	54
	18	77	63
	18	78	100
	18	79	101
	18	80	35
	18	81	22
	18	82	37
	18	83	59
	18	84	82
	18	85	49
	18	86	61
	18	87	95
	18	88	68
	18	89	77
	19	1	54
	19	2	44
	19	3	81
	19	4	60
	19	5	44
	19	6	22
	19	7	46
	19	8	24
	19	9	96
	19	10	60
	19	11	71
	19	12	87
	19	13	25
	19	14	90
	19	15	29
	19	16	70
	19	17	42
	19	18	74
	19	20	74
	19	21	94
	19	22	83
	19	23	43
	19	24	93
	19	25	76
	19	26	9
	19	27	37
	19	28	53
	19	29	67
	19	30	88
	19	31	56
	19	32	73
	19	33	72
	19	34	100
	19	35	5
	19	36	85
	19	37	9
	19	38	72
	19	39	80
	19	40	109
	19	41	64
	19	42	52
	19	43	22
	19	44	65
	19	45	10
	19	46	77
	19	47	91
	19	48	31
	19	49	88
	19	50	88
	19	51	37
	19	52	69
	19	53	33
	19	54	9
	19	55	17
	19	56	56
	19	57	71
	19	58	23
	19	59	109
	19	60	36
	19	61	57
	19	62	52
	19	63	78
	19	64	37
	19	65	62
	19	66	59
	19	67	64
	19	68	50
	19	69	49
	19	70	44
	19	71	71
	19	72	111
	19	73	59
	19	74	122
	19	75	57
	19	76	72
	19	77	108
	19	78	83
	19	79	58
	19	80	80
	19	81	56
	19	82	87
	19	83	89
	19	84	8
	19	85	57
	19	86	49
	19	87	79
	19	88	51
	19	89	50
	20	1	64
	20	2	67
	20	3	89
	20	4	81
	20	5	73
	20	6	55
	20	7	86
	20	8	71
	20	9	73
	20	10	14
	20	11	104
	20	12	30
	20	13	50
	20	14	40
	20	15	75
	20	16	13
	20	17	49
	20	18	105
	20	19	74
	20	21	39
	20	22	53
	20	23	40
	20	24	45
	20	25	62
	20	26	70
	20	27	41
	20	28	72
	20	29	88
	20	30	62
	20	31	47
	20	32	31
	20	33	8
	20	34	91
	20	35	69
	20	36	89
	20	37	68
	20	38	94
	20	39	69
	20	40	80
	20	41	85
	20	42	30
	20	43	54
	20	44	38
	20	45	64
	20	46	4
	20	47	71
	20	48	59
	20	49	119
	20	50	86
	20	51	71
	20	52	60
	20	53	54
	20	54	82
	20	55	77
	20	56	91
	20	57	61
	20	58	53
	20	59	91
	20	60	38
	20	61	37
	20	62	49
	20	63	42
	20	64	37
	20	65	14
	20	66	89
	20	67	32
	20	68	24
	20	69	92
	20	70	58
	20	71	99
	20	72	74
	20	73	17
	20	74	88
	20	75	71
	20	76	58
	20	77	91
	20	78	19
	20	79	18
	20	80	82
	20	81	84
	20	82	88
	20	83	70
	20	84	72
	20	85	57
	20	86	44
	20	87	20
	20	88	38
	20	89	30
	21	1	58
	21	2	67
	21	3	71
	21	4	74
	21	5	73
	21	6	82
	21	7	87
	21	8	82
	21	9	43
	21	10	44
	21	11	95
	21	12	9
	21	13	69
	21	14	6
	21	15	83
	21	16	31
	21	17	55
	21	18	95
	21	19	94
	21	20	39
	21	22	27
	21	23	51
	21	24	10
	21	25	43
	21	26	88
	21	27	57
	21	28	67
	21	29	78
	21	30	33
	21	31	43
	21	32	21
	21	33	33
	21	34	64
	21	35	89
	21	36	69
	21	37	86
	21	38	82
	21	39	47
	21	40	45
	21	41	75
	21	42	42
	21	43	81
	21	44	31
	21	45	86
	21	46	39
	21	47	44
	21	48	68
	21	49	106
	21	50	64
	21	51	75
	21	52	45
	21	53	64
	21	54	103
	21	55	90
	21	56	87
	21	57	45
	21	58	71
	21	59	59
	21	60	66
	21	61	38
	21	62	48
	21	63	21
	21	64	64
	21	65	39
	21	66	83
	21	67	30
	21	68	53
	21	69	92
	21	70	60
	21	71	89
	21	72	38
	21	73	53
	21	74	51
	21	75	64
	21	76	41
	21	77	60
	21	78	20
	21	79	53
	21	80	63
	21	81	79
	21	82	67
	21	83	43
	21	84	96
	21	85	51
	21	86	48
	21	87	20
	21	88	44
	21	89	45
	22	1	36
	22	2	46
	22	3	44
	22	4	49
	22	5	52
	22	6	77
	22	7	65
	22	8	66
	22	9	20
	22	10	51
	22	11	69
	22	12	29
	22	13	60
	22	14	21
	22	15	65
	22	16	41
	22	17	41
	22	18	69
	22	19	83
	22	20	53
	22	21	27
	22	23	42
	22	24	19
	22	25	16
	22	26	75
	22	27	50
	22	28	44
	22	29	52
	22	30	9
	22	31	27
	22	32	22
	22	33	45
	22	34	39
	22	35	78
	22	36	42
	22	37	74
	22	38	55
	22	39	20
	22	40	29
	22	41	50
	22	42	38
	22	43	76
	22	44	21
	22	45	77
	22	46	55
	22	47	18
	22	48	53
	22	49	79
	22	50	37
	22	51	56
	22	52	20
	22	53	50
	22	54	92
	22	55	75
	22	56	62
	22	57	19
	22	58	61
	22	59	38
	22	60	64
	22	61	28
	22	62	32
	22	63	11
	22	64	63
	22	65	46
	22	66	58
	22	67	26
	22	68	56
	22	69	69
	22	70	42
	22	71	63
	22	72	28
	22	73	60
	22	74	41
	22	75	40
	22	76	16
	22	77	38
	22	78	38
	22	79	61
	22	80	36
	22	81	54
	22	82	39
	22	83	17
	22	84	87
	22	85	29
	22	86	34
	22	87	35
	22	88	34
	22	89	41
	23	1	29
	23	2	28
	23	3	59
	23	4	45
	23	5	34
	23	6	34
	23	7	47
	23	8	33
	23	9	59
	23	10	27
	23	11	66
	23	12	44
	23	13	18
	23	14	47
	23	15	36
	23	16	31
	23	17	10
	23	18	68
	23	19	43
	23	20	40
	23	21	51
	23	22	42
	23	24	50
	23	25	40
	23	26	36
	23	27	7
	23	28	35
	23	29	53
	23	30	49
	23	31	18
	23	32	30
	23	33	35
	23	34	69
	23	35	38
	23	36	60
	23	37	35
	23	38	59
	23	39	46
	23	40	70
	23	41	49
	23	42	11
	23	43	33
	23	44	22
	23	45	36
	23	46	44
	23	47	54
	23	48	20
	23	49	83
	23	50	60
	23	51	31
	23	52	34
	23	53	15
	23	54	52
	23	55	40
	23	56	52
	23	57	36
	23	58	20
	23	59	75
	23	60	24
	23	61	15
	23	62	15
	23	63	36
	23	64	22
	23	65	26
	23	66	51
	23	67	21
	23	68	23
	23	69	52
	23	70	20
	23	71	63
	23	72	71
	23	73	33
	23	74	83
	23	75	36
	23	76	35
	23	77	74
	23	78	43
	23	79	33
	23	80	54
	23	81	46
	23	82	60
	23	83	53
	23	84	45
	23	85	25
	23	86	10
	23	87	38
	23	88	8
	23	89	10
	24	1	53
	24	2	62
	24	3	62
	24	4	67
	24	5	68
	24	6	83
	24	7	81
	24	8	79
	24	9	33
	24	10	49
	24	11	87
	24	12	16
	24	13	69
	24	14	6
	24	15	79
	24	16	36
	24	17	53
	24	18	88
	24	19	93
	24	20	45
	24	21	10
	24	22	19
	24	23	50
	24	25	34
	24	26	86
	24	27	57
	24	28	61
	24	29	71
	24	30	24
	24	31	39
	24	32	21
	24	33	38
	24	34	54
	24	35	88
	24	36	60
	24	37	85
	24	38	74
	24	39	38
	24	40	36
	24	41	68
	24	42	42
	24	43	82
	24	44	29
	24	45	86
	24	46	47
	24	47	34
	24	48	65
	24	49	98
	24	50	55
	24	51	71
	24	52	38
	24	53	62
	24	54	102
	24	55	87
	24	56	80
	24	57	38
	24	58	70
	24	59	50
	24	60	68
	24	61	36
	24	62	44
	24	63	16
	24	64	66
	24	65	43
	24	66	76
	24	67	30
	24	68	56
	24	69	86
	24	70	56
	24	71	82
	24	72	29
	24	73	58
	24	74	43
	24	75	57
	24	76	34
	24	77	50
	24	78	27
	24	79	58
	24	80	55
	24	81	72
	24	82	57
	24	83	34
	24	84	96
	24	85	45
	24	86	45
	24	87	26
	24	88	42
	24	89	46
	25	1	24
	25	2	35
	25	3	29
	25	4	34
	25	5	40
	25	6	74
	25	7	51
	25	8	56
	25	9	20
	25	10	57
	25	11	53
	25	12	43
	25	13	56
	25	14	37
	25	15	54
	25	16	50
	25	17	36
	25	18	53
	25	19	76
	25	20	62
	25	21	43
	25	22	16
	25	23	40
	25	24	34
	25	26	67
	25	27	48
	25	28	30
	25	29	37
	25	30	14
	25	31	23
	25	32	32
	25	33	54
	25	34	30
	25	35	72
	25	36	28
	25	37	67
	25	38	40
	25	39	6
	25	40	33
	25	41	34
	25	42	40
	25	43	73
	25	44	25
	25	45	72
	25	46	65
	25	47	14
	25	48	45
	25	49	64
	25	50	24
	25	51	44
	25	52	7
	25	53	44
	25	54	85
	25	55	65
	25	56	48
	25	57	6
	25	58	56
	25	59	34
	25	60	64
	25	61	29
	25	62	26
	25	63	23
	25	64	63
	25	65	52
	25	66	43
	25	67	31
	25	68	59
	25	69	55
	25	70	32
	25	71	47
	25	72	37
	25	73	66
	25	74	47
	25	75	26
	25	76	5
	25	77	34
	25	78	51
	25	79	66
	25	80	21
	25	81	40
	25	82	26
	25	83	13
	25	84	81
	25	85	19
	25	86	31
	25	87	47
	25	88	34
	25	89	43
	26	1	45
	26	2	35
	26	3	72
	26	4	51
	26	5	35
	26	6	24
	26	7	37
	26	8	14
	26	9	88
	26	10	57
	26	11	63
	26	12	80
	26	13	20
	26	14	83
	26	15	20
	26	16	65
	26	17	34
	26	18	66
	26	19	9
	26	20	70
	26	21	88
	26	22	75
	26	23	36
	26	24	86
	26	25	67
	26	27	31
	26	28	44
	26	29	58
	26	30	80
	26	31	48
	26	32	67
	26	33	68
	26	34	90
	26	35	6
	26	36	75
	26	37	4
	26	38	63
	26	39	71
	26	40	100
	26	41	55
	26	42	47
	26	43	24
	26	44	57
	26	45	12
	26	46	74
	26	47	82
	26	48	22
	26	49	80
	26	50	79
	26	51	27
	26	52	60
	26	53	25
	26	54	17
	26	55	9
	26	56	48
	26	57	62
	26	58	17
	26	59	100
	26	60	34
	26	61	50
	26	62	43
	26	63	71
	26	64	35
	26	65	58
	26	66	50
	26	67	57
	26	68	47
	26	69	41
	26	70	35
	26	71	63
	26	72	103
	26	73	57
	26	74	114
	26	75	48
	26	76	63
	26	77	99
	26	78	78
	26	79	56
	26	80	71
	26	81	47
	26	82	77
	26	83	80
	26	84	17
	26	85	48
	26	86	41
	26	87	74
	26	88	44
	26	89	44
	27	1	34
	27	2	31
	27	3	64
	27	4	49
	27	5	36
	27	6	27
	27	7	48
	27	8	31
	27	9	67
	27	10	27
	27	11	69
	27	12	50
	27	13	12
	27	14	54
	27	15	35
	27	16	34
	27	17	14
	27	18	71
	27	19	37
	27	20	41
	27	21	57
	27	22	50
	27	23	7
	27	24	57
	27	25	48
	27	26	31
	27	28	39
	27	29	57
	27	30	56
	27	31	25
	27	32	36
	27	33	37
	27	34	76
	27	35	32
	27	36	66
	27	37	29
	27	38	63
	27	39	53
	27	40	78
	27	41	53
	27	42	15
	27	43	26
	27	44	29
	27	45	29
	27	46	45
	27	47	62
	27	48	19
	27	49	86
	27	50	67
	27	51	32
	27	52	41
	27	53	14
	27	54	46
	27	55	36
	27	56	55
	27	57	43
	27	58	14
	27	59	82
	27	60	17
	27	61	22
	27	62	22
	27	63	43
	27	64	16
	27	65	27
	27	66	54
	27	67	27
	27	68	21
	27	69	53
	27	70	24
	27	71	66
	27	72	78
	27	73	31
	27	74	91
	27	75	41
	27	76	42
	27	77	82
	27	78	47
	27	79	31
	27	80	60
	27	81	49
	27	82	67
	27	83	60
	27	84	39
	27	85	31
	27	86	17
	27	87	42
	27	88	16
	27	89	13
	28	1	9
	28	2	10
	28	3	29
	28	4	10
	28	5	10
	28	6	59
	28	7	21
	28	8	30
	28	9	49
	28	10	62
	28	11	32
	28	12	64
	28	13	41
	28	14	62
	28	15	26
	28	16	61
	28	17	25
	28	18	33
	28	19	53
	28	20	72
	28	21	67
	28	22	44
	28	23	35
	28	24	61
	28	25	30
	28	26	44
	28	27	39
	28	29	18
	28	30	45
	28	31	26
	28	32	50
	28	33	65
	28	34	47
	28	35	49
	28	36	32
	28	37	45
	28	38	24
	28	39	32
	28	40	61
	28	41	14
	28	42	42
	28	43	58
	28	44	38
	28	45	52
	28	46	76
	28	47	43
	28	48	25
	28	49	48
	28	50	35
	28	51	17
	28	52	24
	28	53	27
	28	54	60
	28	55	39
	28	56	20
	28	57	25
	28	58	39
	28	59	58
	28	60	56
	28	61	35
	28	62	24
	28	63	46
	28	64	55
	28	65	59
	28	66	17
	28	67	43
	28	68	59
	28	69	25
	28	70	15
	28	71	27
	28	72	67
	28	73	68
	28	74	76
	28	75	5
	28	76	28
	28	77	57
	28	78	68
	28	79	68
	28	80	27
	28	81	12
	28	82	34
	28	83	42
	28	84	60
	28	85	17
	28	86	28
	28	87	63
	28	88	35
	28	89	43
	29	1	25
	29	2	27
	29	3	18
	29	4	8
	29	5	24
	29	6	76
	29	7	24
	29	8	43
	29	9	50
	29	10	79
	29	11	17
	29	12	77
	29	13	59
	29	14	72
	29	15	38
	29	16	77
	29	17	43
	29	18	17
	29	19	67
	29	20	88
	29	21	78
	29	22	52
	29	23	53
	29	24	71
	29	25	37
	29	26	58
	29	27	57
	29	28	18
	29	30	50
	29	31	42
	29	32	63
	29	33	81
	29	34	40
	29	35	64
	29	36	22
	29	37	60
	29	38	6
	29	39	34
	29	40	61
	29	41	4
	29	42	59
	29	43	75
	29	44	53
	29	45	67
	29	46	92
	29	47	44
	29	48	41
	29	49	31
	29	50	28
	29	51	31
	29	52	33
	29	53	44
	29	54	73
	29	55	51
	29	56	15
	29	57	33
	29	58	56
	29	59	53
	29	60	73
	29	61	51
	29	62	40
	29	63	57
	29	64	73
	29	65	76
	29	66	10
	29	67	58
	29	68	76
	29	69	25
	29	70	33
	29	71	11
	29	72	69
	29	73	85
	29	74	75
	29	75	17
	29	76	37
	29	77	52
	29	78	82
	29	79	86
	29	80	21
	29	81	11
	29	82	25
	29	83	44
	29	84	75
	29	85	32
	29	86	45
	29	87	77
	29	88	51
	29	89	61
	30	1	38
	30	2	49
	30	3	39
	30	4	48
	30	5	54
	30	6	83
	30	7	65
	30	8	69
	30	9	12
	30	10	60
	30	11	66
	30	12	37
	30	13	66
	30	14	28
	30	15	68
	30	16	49
	30	17	47
	30	18	66
	30	19	88
	30	20	62
	30	21	33
	30	22	9
	30	23	49
	30	24	24
	30	25	14
	30	26	80
	30	27	56
	30	28	45
	30	29	50
	30	31	32
	30	32	31
	30	33	53
	30	34	31
	30	35	83
	30	36	37
	30	37	79
	30	38	52
	30	39	16
	30	40	21
	30	41	48
	30	42	45
	30	43	82
	30	44	29
	30	45	83
	30	46	64
	30	47	10
	30	48	57
	30	49	75
	30	50	31
	30	51	58
	30	52	21
	30	53	55
	30	54	97
	30	55	79
	30	56	62
	30	57	20
	30	58	67
	30	59	30
	30	60	71
	30	61	35
	30	62	37
	30	63	20
	30	64	70
	30	65	54
	30	66	57
	30	67	34
	30	68	64
	30	69	69
	30	70	45
	30	71	60
	30	72	23
	30	73	69
	30	74	34
	30	75	40
	30	76	17
	30	77	29
	30	78	46
	30	79	69
	30	80	32
	30	81	54
	30	82	34
	30	83	10
	30	84	92
	30	85	32
	30	86	40
	30	87	43
	30	88	41
	30	89	49
	31	1	18
	31	2	24
	31	3	44
	31	4	35
	31	5	31
	31	6	52
	31	7	44
	31	8	40
	31	9	42
	31	10	38
	31	11	58
	31	12	39
	31	13	34
	31	14	38
	31	15	40
	31	16	35
	31	17	15
	31	18	59
	31	19	56
	31	20	47
	31	21	43
	31	22	27
	31	23	18
	31	24	39
	31	25	23
	31	26	48
	31	27	25
	31	28	26
	31	29	42
	31	30	32
	31	32	24
	31	33	39
	31	34	52
	31	35	52
	31	36	44
	31	37	48
	31	38	47
	31	39	28
	31	40	53
	31	41	38
	31	42	19
	31	43	51
	31	44	12
	31	45	51
	31	46	50
	31	47	37
	31	48	27
	31	49	72
	31	50	43
	31	51	32
	31	52	17
	31	53	23
	31	54	65
	31	55	49
	31	56	46
	31	57	19
	31	58	34
	31	59	57
	31	60	41
	31	61	9
	31	62	5
	31	63	23
	31	64	40
	31	65	34
	31	66	43
	31	67	16
	31	68	38
	31	69	49
	31	70	17
	31	71	53
	31	72	55
	31	73	46
	31	74	67
	31	75	25
	31	76	17
	31	77	57
	31	78	42
	31	79	46
	31	80	38
	31	81	38
	31	82	44
	31	83	35
	31	84	60
	31	85	10
	31	86	8
	31	87	37
	31	88	12
	31	89	21
	32	1	41
	32	2	48
	32	3	60
	32	4	58
	32	5	54
	32	6	62
	32	7	68
	32	8	61
	32	9	43
	32	10	30
	32	11	80
	32	12	15
	32	13	48
	32	14	17
	32	15	63
	32	16	19
	32	17	35
	32	18	81
	32	19	73
	32	20	31
	32	21	21
	32	22	22
	32	23	30
	32	24	21
	32	25	32
	32	26	67
	32	27	36
	32	28	50
	32	29	63
	32	30	31
	32	31	24
	32	33	23
	32	34	60
	32	35	68
	32	36	60
	32	37	65
	32	38	68
	32	39	38
	32	40	50
	32	41	60
	32	42	21
	32	43	61
	32	44	11
	32	45	66
	32	46	34
	32	47	40
	32	48	47
	32	49	93
	32	50	56
	32	51	55
	32	52	31
	32	53	43
	32	54	82
	32	55	69
	32	56	69
	32	57	32
	32	58	50
	32	59	60
	32	60	47
	32	61	17
	32	62	28
	32	63	11
	32	64	45
	32	65	24
	32	66	66
	32	67	9
	32	68	36
	32	69	73
	32	70	40
	32	71	74
	32	72	47
	32	73	39
	32	74	60
	32	75	47
	32	76	28
	32	77	60
	32	78	19
	32	79	39
	32	80	53
	32	81	62
	32	82	58
	32	83	39
	32	84	75
	32	85	33
	32	86	27
	32	87	15
	32	88	23
	32	89	25
	33	1	57
	33	2	60
	33	3	81
	33	4	74
	33	5	67
	33	6	55
	33	7	81
	33	8	67
	33	9	65
	33	10	13
	33	11	97
	33	12	23
	33	13	47
	33	14	33
	33	15	71
	33	16	5
	33	17	43
	33	18	98
	33	19	72
	33	20	8
	33	21	33
	33	22	45
	33	23	35
	33	24	38
	33	25	54
	33	26	68
	33	27	37
	33	28	65
	33	29	81
	33	30	53
	33	31	39
	33	32	23
	33	34	83
	33	35	67
	33	36	81
	33	37	65
	33	38	87
	33	39	60
	33	40	72
	33	41	78
	33	42	24
	33	43	54
	33	44	30
	33	45	63
	33	46	11
	33	47	63
	33	48	54
	33	49	112
	33	50	78
	33	51	66
	33	52	52
	33	53	49
	33	54	81
	33	55	73
	33	56	84
	33	57	53
	33	58	50
	33	59	83
	33	60	38
	33	61	30
	33	62	42
	33	63	34
	33	64	37
	33	65	10
	33	66	82
	33	67	24
	33	68	23
	33	69	86
	33	70	52
	33	71	92
	33	72	67
	33	73	21
	33	74	81
	33	75	64
	33	76	50
	33	77	83
	33	78	14
	33	79	21
	33	80	74
	33	81	77
	33	82	80
	33	83	62
	33	84	71
	33	85	50
	33	86	38
	33	87	13
	33	88	31
	33	89	25
	34	1	46
	34	2	56
	34	3	23
	34	4	44
	34	5	57
	34	6	101
	34	7	63
	34	8	77
	34	9	21
	34	10	87
	34	11	52
	34	12	68
	34	13	83
	34	14	59
	34	15	74
	34	16	79
	34	17	63
	34	18	51
	34	19	100
	34	20	91
	34	21	64
	34	22	39
	34	23	69
	34	24	54
	34	25	30
	34	26	90
	34	27	76
	34	28	47
	34	29	40
	34	30	31
	34	31	52
	34	32	60
	34	33	83
	34	35	96
	34	36	19
	34	37	91
	34	38	39
	34	39	24
	34	40	27
	34	41	41
	34	42	70
	34	43	101
	34	44	55
	34	45	97
	34	46	94
	34	47	21
	34	48	69
	34	49	54
	34	50	12
	34	51	64
	34	52	35
	34	53	69
	34	54	107
	34	55	86
	34	56	55
	34	57	33
	34	58	82
	34	59	13
	34	60	93
	34	61	59
	34	62	54
	34	63	50
	34	64	92
	34	65	82
	34	66	50
	34	67	61
	34	68	89
	34	69	65
	34	70	57
	34	71	46
	34	72	38
	34	73	96
	34	74	38
	34	75	43
	34	76	35
	34	77	12
	34	78	77
	34	79	96
	34	80	20
	34	81	50
	34	82	15
	34	83	22
	34	84	106
	34	85	46
	34	86	59
	34	87	74
	34	88	63
	34	89	73
	35	1	50
	35	2	40
	35	3	78
	35	4	57
	35	5	41
	35	6	19
	35	7	44
	35	8	21
	35	9	92
	35	10	55
	35	11	69
	35	12	82
	35	13	20
	35	14	85
	35	15	26
	35	16	65
	35	17	37
	35	18	72
	35	19	5
	35	20	69
	35	21	89
	35	22	78
	35	23	38
	35	24	88
	35	25	72
	35	26	6
	35	27	32
	35	28	49
	35	29	64
	35	30	83
	35	31	52
	35	32	68
	35	33	67
	35	34	96
	35	36	81
	35	37	4
	35	38	70
	35	39	76
	35	40	104
	35	41	61
	35	42	47
	35	43	19
	35	44	60
	35	45	6
	35	46	73
	35	47	86
	35	48	27
	35	49	87
	35	50	84
	35	51	33
	35	52	64
	35	53	28
	35	54	14
	35	55	16
	35	56	54
	35	57	66
	35	58	18
	35	59	105
	35	60	32
	35	61	52
	35	62	47
	35	63	73
	35	64	32
	35	65	57
	35	66	57
	35	67	59
	35	68	46
	35	69	47
	35	70	40
	35	71	69
	35	72	106
	35	73	54
	35	74	118
	35	75	54
	35	76	67
	35	77	104
	35	78	78
	35	79	54
	35	80	76
	35	81	53
	35	82	83
	35	83	85
	35	84	11
	35	85	52
	35	86	44
	35	87	74
	35	88	46
	35	89	45
	36	1	33
	36	2	41
	36	3	4
	36	4	26
	36	5	41
	36	6	89
	36	7	45
	36	8	61
	36	9	32
	36	10	82
	36	11	34
	36	12	71
	36	13	71
	36	14	63
	36	15	57
	36	16	76
	36	17	52
	36	18	33
	36	19	85
	36	20	89
	36	21	69
	36	22	42
	36	23	60
	36	24	60
	36	25	28
	36	26	75
	36	27	66
	36	28	32
	36	29	22
	36	30	37
	36	31	44
	36	32	60
	36	33	81
	36	34	19
	36	35	81
	36	37	77
	36	38	20
	36	39	22
	36	40	42
	36	41	22
	36	42	63
	36	43	88
	36	44	51
	36	45	83
	36	46	92
	36	47	28
	36	48	55
	36	49	39
	36	50	7
	36	51	48
	36	52	29
	36	53	57
	36	54	92
	36	55	70
	36	56	37
	36	57	28
	36	58	70
	36	59	32
	36	60	83
	36	61	53
	36	62	45
	36	63	51
	36	64	82
	36	65	78
	36	66	31
	36	67	57
	36	68	82
	36	69	47
	36	70	44
	36	71	28
	36	72	51
	36	73	90
	36	74	55
	36	75	28
	36	76	31
	36	77	31
	36	78	78
	36	79	91
	36	80	7
	36	81	32
	36	82	4
	36	83	28
	36	84	92
	36	85	35
	36	86	51
	36	87	74
	36	88	56
	36	89	66
	37	1	46
	37	2	36
	37	3	74
	37	4	52
	37	5	36
	37	6	21
	37	7	40
	37	8	17
	37	9	88
	37	10	54
	37	11	66
	37	12	79
	37	13	18
	37	14	82
	37	15	22
	37	16	63
	37	17	33
	37	18	69
	37	19	9
	37	20	68
	37	21	86
	37	22	74
	37	23	35
	37	24	85
	37	25	67
	37	26	4
	37	27	29
	37	28	45
	37	29	60
	37	30	79
	37	31	48
	37	32	65
	37	33	65
	37	34	91
	37	35	4
	37	36	77
	37	38	66
	37	39	72
	37	40	100
	37	41	57
	37	42	45
	37	43	21
	37	44	56
	37	45	8
	37	46	71
	37	47	82
	37	48	23
	37	49	83
	37	50	80
	37	51	29
	37	52	60
	37	53	24
	37	54	18
	37	55	13
	37	56	50
	37	57	62
	37	58	15
	37	59	100
	37	60	31
	37	61	49
	37	62	43
	37	63	70
	37	64	32
	37	65	55
	37	66	53
	37	67	56
	37	68	44
	37	69	44
	37	70	35
	37	71	65
	37	72	102
	37	73	54
	37	74	114
	37	75	49
	37	76	63
	37	77	100
	37	78	76
	37	79	53
	37	80	72
	37	81	49
	37	82	79
	37	83	81
	37	84	15
	37	85	48
	37	86	40
	37	87	72
	37	88	43
	37	89	42
	38	1	30
	38	2	33
	38	3	16
	38	4	14
	38	5	30
	38	6	81
	38	7	28
	38	8	49
	38	9	51
	38	10	84
	38	11	14
	38	12	81
	38	13	65
	38	14	76
	38	15	44
	38	16	82
	38	17	49
	38	18	14
	38	19	72
	38	20	94
	38	21	82
	38	22	55
	38	23	59
	38	24	74
	38	25	40
	38	26	63
	38	27	63
	38	28	24
	38	29	6
	38	30	52
	38	31	47
	38	32	68
	38	33	87
	38	34	39
	38	35	70
	38	36	20
	38	37	66
	38	39	37
	38	40	61
	38	41	10
	38	42	65
	38	43	81
	38	44	57
	38	45	73
	38	46	98
	38	47	46
	38	48	47
	38	49	25
	38	50	27
	38	51	37
	38	52	37
	38	53	51
	38	54	78
	38	55	56
	38	56	18
	38	57	37
	38	58	62
	38	59	52
	38	60	79
	38	61	56
	38	62	46
	38	63	61
	38	64	79
	38	65	81
	38	66	14
	38	67	63
	38	68	82
	38	69	28
	38	70	39
	38	71	8
	38	72	70
	38	73	91
	38	74	75
	38	75	23
	38	76	41
	38	77	51
	38	78	87
	38	79	91
	38	80	22
	38	81	17
	38	82	24
	38	83	45
	38	84	80
	38	85	37
	38	86	51
	38	87	82
	38	88	57
	38	89	66
	39	1	26
	39	2	38
	39	3	24
	39	4	33
	39	5	41
	39	6	79
	39	7	52
	39	8	59
	39	9	17
	39	10	64
	39	11	51
	39	12	48
	39	13	61
	39	14	41
	39	15	57
	39	16	56
	39	17	41
	39	18	50
	39	19	80
	39	20	69
	39	21	47
	39	22	20
	39	23	46
	39	24	38
	39	25	6
	39	26	71
	39	27	53
	39	28	32
	39	29	34
	39	30	16
	39	31	28
	39	32	38
	39	33	60
	39	34	24
	39	35	76
	39	36	22
	39	37	72
	39	38	37
	39	40	30
	39	41	32
	39	42	46
	39	43	78
	39	44	31
	39	45	76
	39	46	72
	39	47	11
	39	48	49
	39	49	60
	39	50	18
	39	51	47
	39	52	12
	39	53	48
	39	54	89
	39	55	68
	39	56	47
	39	57	10
	39	58	61
	39	59	29
	39	60	70
	39	61	35
	39	62	31
	39	63	29
	39	64	69
	39	65	59
	39	66	42
	39	67	38
	39	68	66
	39	69	55
	39	70	36
	39	71	45
	39	72	36
	39	73	72
	39	74	44
	39	75	27
	39	76	12
	39	77	29
	39	78	57
	39	79	73
	39	80	17
	39	81	39
	39	82	20
	39	83	10
	39	84	86
	39	85	24
	39	86	36
	39	87	52
	39	88	40
	39	89	49
	40	1	56
	40	2	67
	40	3	45
	40	4	62
	40	5	71
	40	6	105
	40	7	81
	40	8	89
	40	9	12
	40	10	80
	40	11	76
	40	12	52
	40	13	88
	40	14	41
	40	15	87
	40	16	68
	40	17	67
	40	18	75
	40	19	109
	40	20	80
	40	21	45
	40	22	29
	40	23	70
	40	24	36
	40	25	33
	40	26	100
	40	27	78
	40	28	61
	40	29	61
	40	30	21
	40	31	53
	40	32	50
	40	33	72
	40	34	27
	40	35	104
	40	36	42
	40	37	100
	40	38	61
	40	39	30
	40	41	60
	40	42	67
	40	43	104
	40	44	50
	40	45	104
	40	46	82
	40	47	19
	40	48	77
	40	49	80
	40	50	35
	40	51	77
	40	52	40
	40	53	76
	40	54	117
	40	55	98
	40	56	75
	40	57	38
	40	58	88
	40	59	16
	40	60	93
	40	61	56
	40	62	58
	40	63	39
	40	64	91
	40	65	75
	40	66	70
	40	67	55
	40	68	85
	40	69	84
	40	70	65
	40	71	70
	40	72	11
	40	73	89
	40	74	14
	40	75	56
	40	76	37
	40	77	17
	40	78	63
	40	79	90
	40	80	40
	40	81	68
	40	82	38
	40	83	20
	40	84	113
	40	85	52
	40	86	61
	40	87	60
	40	88	63
	40	89	70
	41	1	21
	41	2	23
	41	3	19
	41	4	5
	41	5	21
	41	6	72
	41	7	23
	41	8	41
	41	9	48
	41	10	75
	41	11	20
	41	12	74
	41	13	55
	41	14	69
	41	15	36
	41	16	73
	41	17	39
	41	18	21
	41	19	64
	41	20	85
	41	21	75
	41	22	50
	41	23	49
	41	24	68
	41	25	34
	41	26	55
	41	27	53
	41	28	14
	41	29	4
	41	30	48
	41	31	38
	41	32	60
	41	33	78
	41	34	41
	41	35	61
	41	36	22
	41	37	57
	41	38	10
	41	39	32
	41	40	60
	41	42	55
	41	43	72
	41	44	49
	41	45	64
	41	46	89
	41	47	43
	41	48	38
	41	49	34
	41	50	28
	41	51	28
	41	52	31
	41	53	41
	41	54	71
	41	55	49
	41	56	15
	41	57	30
	41	58	53
	41	59	53
	41	60	70
	41	61	47
	41	62	36
	41	63	54
	41	64	69
	41	65	72
	41	66	10
	41	67	54
	41	68	73
	41	69	25
	41	70	29
	41	71	15
	41	72	68
	41	73	82
	41	74	74
	41	75	14
	41	76	34
	41	77	52
	41	78	79
	41	79	82
	41	80	21
	41	81	10
	41	82	26
	41	83	42
	41	84	72
	41	85	28
	41	86	41
	41	87	74
	41	88	48
	41	89	57
	42	1	34
	42	2	36
	42	3	62
	42	4	52
	42	5	43
	42	6	41
	42	7	56
	42	8	44
	42	9	57
	42	10	20
	42	11	74
	42	12	34
	42	13	27
	42	14	39
	42	15	47
	42	16	20
	42	17	19
	42	18	75
	42	19	52
	42	20	30
	42	21	42
	42	22	38
	42	23	11
	42	24	42
	42	25	40
	42	26	47
	42	27	15
	42	28	42
	42	29	59
	42	30	45
	42	31	19
	42	32	21
	42	33	24
	42	34	70
	42	35	47
	42	36	63
	42	37	45
	42	38	65
	42	39	46
	42	40	67
	42	41	55
	42	43	40
	42	44	16
	42	45	44
	42	46	34
	42	47	52
	42	48	30
	42	49	90
	42	50	62
	42	51	41
	42	52	35
	42	53	25
	42	54	62
	42	55	50
	42	56	61
	42	57	36
	42	58	29
	42	59	73
	42	60	26
	42	61	11
	42	62	19
	42	63	29
	42	64	25
	42	65	17
	42	66	58
	42	67	13
	42	68	20
	42	69	61
	42	70	28
	42	71	70
	42	72	65
	42	73	27
	42	74	78
	42	75	42
	42	76	34
	42	77	73
	42	78	32
	42	79	28
	42	80	56
	42	81	54
	42	82	63
	42	83	51
	42	84	54
	42	85	28
	42	86	14
	42	87	27
	42	88	8
	42	89	4
	43	1	56
	43	2	49
	43	3	86
	43	4	67
	43	5	51
	43	6	1
	43	7	59
	43	8	35
	43	9	93
	43	10	41
	43	11	84
	43	12	72
	43	13	17
	43	14	78
	43	15	41
	43	16	53
	43	17	38
	43	18	86
	43	19	22
	43	20	54
	43	21	81
	43	22	76
	43	23	33
	43	24	82
	43	25	73
	43	26	24
	43	27	26
	43	28	58
	43	29	75
	43	30	82
	43	31	51
	43	32	61
	43	33	54
	43	34	101
	43	35	19
	43	36	88
	43	37	21
	43	38	81
	43	39	78
	43	40	104
	43	41	72
	43	42	40
	43	44	55
	43	45	13
	43	46	57
	43	47	87
	43	48	34
	43	49	101
	43	50	90
	43	51	45
	43	52	66
	43	53	32
	43	54	29
	43	55	34
	43	56	68
	43	57	68
	43	58	19
	43	59	107
	43	60	16
	43	61	48
	43	62	47
	43	63	68
	43	64	17
	43	65	44
	43	66	69
	43	67	52
	43	68	31
	43	69	63
	43	70	45
	43	71	82
	43	72	104
	43	73	38
	43	74	117
	43	75	61
	43	76	68
	43	77	107
	43	78	67
	43	79	37
	43	80	83
	43	81	65
	43	82	90
	43	83	86
	43	84	18
	43	85	55
	43	86	43
	43	87	63
	43	88	42
	43	89	36
	44	1	29
	44	2	36
	44	3	51
	44	4	47
	44	5	43
	44	6	56
	44	7	57
	44	8	51
	44	9	40
	44	10	32
	44	11	69
	44	12	26
	44	13	41
	44	14	26
	44	15	52
	44	16	25
	44	17	24
	44	18	70
	44	19	65
	44	20	38
	44	21	31
	44	22	21
	44	23	22
	44	24	29
	44	25	25
	44	26	57
	44	27	29
	44	28	38
	44	29	53
	44	30	29
	44	31	12
	44	32	11
	44	33	30
	44	34	55
	44	35	60
	44	36	51
	44	37	56
	44	38	57
	44	39	31
	44	40	50
	44	41	49
	44	42	16
	44	43	55
	44	45	58
	44	46	41
	44	47	36
	44	48	37
	44	49	83
	44	50	49
	44	51	44
	44	52	22
	44	53	33
	44	54	74
	44	55	59
	44	56	58
	44	57	23
	44	58	42
	44	59	57
	44	60	43
	44	61	7
	44	62	17
	44	63	13
	44	64	42
	44	65	27
	44	66	55
	44	67	6
	44	68	35
	44	69	62
	44	70	29
	44	71	64
	44	72	49
	44	73	41
	44	74	62
	44	75	36
	44	76	20
	44	77	57
	44	78	30
	44	79	41
	44	80	45
	44	81	50
	44	82	50
	44	83	35
	44	84	67
	44	85	22
	44	86	16
	44	87	25
	44	88	14
	44	89	20
	45	1	51
	45	2	42
	45	3	80
	45	4	60
	45	5	44
	45	6	13
	45	7	48
	45	8	25
	45	9	92
	45	10	51
	45	11	74
	45	12	78
	45	13	17
	45	14	83
	45	15	31
	45	16	61
	45	17	36
	45	18	77
	45	19	10
	45	20	64
	45	21	86
	45	22	77
	45	23	36
	45	24	86
	45	25	72
	45	26	12
	45	27	29
	45	28	52
	45	29	67
	45	30	83
	45	31	51
	45	32	66
	45	33	63
	45	34	97
	45	35	6
	45	36	83
	45	37	8
	45	38	73
	45	39	76
	45	40	104
	45	41	64
	45	42	44
	45	43	13
	45	44	58
	45	46	68
	45	47	86
	45	48	28
	45	49	91
	45	50	86
	45	51	37
	45	52	65
	45	53	28
	45	54	18
	45	55	21
	45	56	58
	45	57	67
	45	58	16
	45	59	105
	45	60	26
	45	61	50
	45	62	46
	45	63	71
	45	64	27
	45	65	53
	45	66	60
	45	67	56
	45	68	41
	45	69	52
	45	70	41
	45	71	73
	45	72	105
	45	73	49
	45	74	117
	45	75	56
	45	76	67
	45	77	105
	45	78	74
	45	79	49
	45	80	78
	45	81	57
	45	82	85
	45	83	85
	45	84	10
	45	85	53
	45	86	43
	45	87	71
	45	88	44
	45	89	41
	46	1	68
	46	2	70
	46	3	92
	46	4	85
	46	5	77
	46	6	58
	46	7	90
	46	8	75
	46	9	76
	46	10	18
	46	11	108
	46	12	31
	46	13	54
	46	14	41
	46	15	79
	46	16	16
	46	17	53
	46	18	109
	46	19	77
	46	20	4
	46	21	39
	46	22	55
	46	23	44
	46	24	47
	46	25	65
	46	26	74
	46	27	45
	46	28	76
	46	29	92
	46	30	64
	46	31	50
	46	32	34
	46	33	11
	46	34	94
	46	35	73
	46	36	92
	46	37	71
	46	38	98
	46	39	72
	46	40	82
	46	41	89
	46	42	34
	46	43	57
	46	44	41
	46	45	68
	46	47	74
	46	48	63
	46	49	123
	46	50	89
	46	51	75
	46	52	63
	46	53	58
	46	54	86
	46	55	81
	46	56	95
	46	57	64
	46	58	57
	46	59	93
	46	60	42
	46	61	41
	46	62	52
	46	63	44
	46	64	41
	46	65	18
	46	66	92
	46	67	35
	46	68	27
	46	69	96
	46	70	62
	46	71	103
	46	72	76
	46	73	20
	46	74	89
	46	75	75
	46	76	61
	46	77	93
	46	78	20
	46	79	21
	46	80	86
	46	81	88
	46	82	91
	46	83	73
	46	84	75
	46	85	61
	46	86	48
	46	87	21
	46	88	42
	46	89	34
	47	1	37
	47	2	49
	47	3	31
	47	4	44
	47	5	52
	47	6	88
	47	7	63
	47	8	70
	47	9	6
	47	10	68
	47	11	60
	47	12	47
	47	13	71
	47	14	38
	47	15	68
	47	16	59
	47	17	50
	47	18	59
	47	19	91
	47	20	71
	47	21	44
	47	22	18
	47	23	54
	47	24	34
	47	25	14
	47	26	82
	47	27	62
	47	28	43
	47	29	44
	47	30	10
	47	31	37
	47	32	40
	47	33	63
	47	34	21
	47	35	86
	47	36	28
	47	37	82
	47	38	46
	47	39	11
	47	40	19
	47	41	43
	47	42	52
	47	43	87
	47	44	36
	47	45	86
	47	46	74
	47	48	59
	47	49	67
	47	50	21
	47	51	58
	47	52	22
	47	53	58
	47	54	99
	47	55	79
	47	56	57
	47	57	20
	47	58	70
	47	59	21
	47	60	77
	47	61	41
	47	62	40
	47	63	29
	47	64	76
	47	65	63
	47	66	52
	47	67	42
	47	68	72
	47	69	66
	47	70	46
	47	71	54
	47	72	25
	47	73	77
	47	74	33
	47	75	38
	47	76	19
	47	77	21
	47	78	57
	47	79	78
	47	80	24
	47	81	50
	47	82	25
	47	83	1
	47	84	96
	47	85	34
	47	86	45
	47	87	53
	47	88	47
	47	89	56
	48	1	24
	48	2	15
	48	3	53
	48	4	33
	48	5	18
	48	6	34
	48	7	29
	48	8	14
	48	9	65
	48	10	47
	48	11	51
	48	12	62
	48	13	17
	48	14	64
	48	15	16
	48	16	51
	48	17	13
	48	18	54
	48	19	31
	48	20	59
	48	21	68
	48	22	53
	48	23	20
	48	24	65
	48	25	45
	48	26	22
	48	27	19
	48	28	25
	48	29	41
	48	30	57
	48	31	27
	48	32	47
	48	33	54
	48	34	69
	48	35	27
	48	36	55
	48	37	23
	48	38	47
	48	39	49
	48	40	77
	48	41	38
	48	42	30
	48	43	34
	48	44	37
	48	45	28
	48	46	63
	48	47	59
	48	49	69
	48	50	58
	48	51	13
	48	52	38
	48	53	5
	48	54	40
	48	55	22
	48	56	36
	48	57	39
	48	58	15
	48	59	78
	48	60	33
	48	61	30
	48	62	22
	48	63	50
	48	64	33
	48	65	46
	48	66	36
	48	67	38
	48	68	40
	48	69	34
	48	70	13
	48	71	49
	48	72	80
	48	73	50
	48	74	91
	48	75	28
	48	76	40
	48	77	77
	48	78	62
	48	79	50
	48	80	50
	48	81	32
	48	82	57
	48	83	58
	48	84	37
	48	85	26
	48	86	21
	48	87	57
	48	88	25
	48	89	29
	49	1	55
	49	2	55
	49	3	36
	49	4	38
	49	5	51
	49	6	101
	49	7	43
	49	8	67
	49	9	71
	49	10	109
	49	11	18
	49	12	106
	49	13	86
	49	14	100
	49	15	61
	49	16	107
	49	17	73
	49	18	15
	49	19	88
	49	20	119
	49	21	106
	49	22	79
	49	23	83
	49	24	98
	49	25	64
	49	26	80
	49	27	86
	49	28	48
	49	29	31
	49	30	75
	49	31	72
	49	32	93
	49	33	112
	49	34	54
	49	35	87
	49	36	39
	49	37	83
	49	38	25
	49	39	60
	49	40	80
	49	41	34
	49	42	90
	49	43	101
	49	44	83
	49	45	91
	49	46	123
	49	47	67
	49	48	69
	49	50	46
	49	51	56
	49	52	62
	49	53	73
	49	54	92
	49	55	72
	49	56	33
	49	57	62
	49	58	83
	49	59	67
	49	60	102
	49	61	82
	49	62	71
	49	63	86
	49	64	101
	49	65	106
	49	66	33
	49	67	88
	49	68	106
	49	69	40
	49	70	63
	49	71	20
	49	72	90
	49	73	116
	49	74	92
	49	75	48
	49	76	66
	49	77	66
	49	78	112
	49	79	116
	49	80	43
	49	81	37
	49	82	43
	49	83	67
	49	84	97
	49	85	62
	49	86	75
	49	87	108
	49	88	82
	49	89	91
	50	1	34
	50	2	44
	50	3	11
	50	4	31
	50	5	45
	50	6	91
	50	7	51
	50	8	65
	50	9	25
	50	10	80
	50	11	41
	50	12	66
	50	13	73
	50	14	58
	50	15	61
	50	16	73
	50	17	53
	50	18	40
	50	19	88
	50	20	86
	50	21	64
	50	22	37
	50	23	60
	50	24	55
	50	25	24
	50	26	79
	50	27	67
	50	28	35
	50	29	28
	50	30	31
	50	31	43
	50	32	56
	50	33	78
	50	34	12
	50	35	84
	50	36	7
	50	37	80
	50	38	27
	50	39	18
	50	40	35
	50	41	28
	50	42	62
	50	43	90
	50	44	49
	50	45	86
	50	46	89
	50	47	21
	50	48	58
	50	49	46
	50	51	52
	50	52	27
	50	53	58
	50	54	95
	50	55	74
	50	56	43
	50	57	25
	50	58	71
	50	59	25
	50	60	84
	50	61	51
	50	62	45
	50	63	46
	50	64	82
	50	65	76
	50	66	38
	50	67	55
	50	68	81
	50	69	53
	50	70	45
	50	71	35
	50	72	44
	50	73	89
	50	74	47
	50	75	30
	50	76	28
	50	77	24
	50	78	74
	50	79	89
	50	80	8
	50	81	37
	50	82	3
	50	83	21
	50	84	94
	50	85	36
	50	86	50
	50	87	70
	50	88	55
	50	89	65
	51	1	21
	51	2	10
	51	3	45
	51	4	23
	51	5	7
	51	6	45
	51	7	16
	51	8	13
	51	9	64
	51	10	59
	51	11	39
	51	12	70
	51	13	30
	51	14	70
	51	15	10
	51	16	62
	51	17	22
	51	18	41
	51	19	37
	51	20	71
	51	21	75
	51	22	56
	51	23	31
	51	24	71
	51	25	44
	51	26	27
	51	27	32
	51	28	17
	51	29	31
	51	30	58
	51	31	32
	51	32	55
	51	33	66
	51	34	64
	51	35	33
	51	36	48
	51	37	29
	51	38	37
	51	39	47
	51	40	77
	51	41	28
	51	42	41
	51	43	45
	51	44	44
	51	45	37
	51	46	75
	51	47	58
	51	48	13
	51	49	56
	51	50	52
	51	52	38
	51	53	18
	51	54	44
	51	55	22
	51	56	23
	51	57	39
	51	58	27
	51	59	74
	51	60	46
	51	61	38
	51	62	27
	51	63	55
	51	64	46
	51	65	57
	51	66	24
	51	67	47
	51	68	53
	51	69	21
	51	70	15
	51	71	37
	51	72	81
	51	73	63
	51	74	91
	51	75	21
	51	76	41
	51	77	73
	51	78	72
	51	79	63
	51	80	44
	51	81	20
	51	82	50
	51	83	57
	51	84	44
	51	85	26
	51	86	29
	51	87	67
	51	88	35
	51	89	41
	52	1	17
	52	2	28
	52	3	29
	52	4	29
	52	5	33
	52	6	67
	52	7	45
	52	8	49
	52	9	28
	52	10	53
	52	11	50
	52	12	44
	52	13	49
	52	14	39
	52	15	47
	52	16	47
	52	17	29
	52	18	51
	52	19	69
	52	20	60
	52	21	45
	52	22	20
	52	23	34
	52	24	38
	52	25	7
	52	26	60
	52	27	41
	52	28	24
	52	29	33
	52	30	21
	52	31	17
	52	32	31
	52	33	52
	52	34	35
	52	35	64
	52	36	29
	52	37	60
	52	38	37
	52	39	12
	52	40	40
	52	41	31
	52	42	35
	52	43	66
	52	44	22
	52	45	65
	52	46	63
	52	47	22
	52	48	38
	52	49	62
	52	50	27
	52	51	38
	52	53	36
	52	54	77
	52	55	58
	52	56	43
	52	57	2
	52	58	49
	52	59	41
	52	60	58
	52	61	24
	52	62	19
	52	63	24
	52	64	57
	52	65	49
	52	66	38
	52	67	28
	52	68	54
	52	69	49
	52	70	25
	52	71	45
	52	72	44
	52	73	61
	52	74	54
	52	75	20
	52	76	4
	52	77	41
	52	78	50
	52	79	62
	52	80	23
	52	81	35
	52	82	28
	52	83	20
	52	84	74
	52	85	12
	52	86	24
	52	87	46
	52	88	28
	52	89	38
	53	1	24
	53	2	18
	53	3	54
	53	4	36
	53	5	22
	53	6	32
	53	7	34
	53	8	19
	53	9	64
	53	10	41
	53	11	56
	53	12	58
	53	13	15
	53	14	59
	53	15	21
	53	16	46
	53	17	9
	53	18	58
	53	19	33
	53	20	54
	53	21	64
	53	22	50
	53	23	15
	53	24	62
	53	25	44
	53	26	25
	53	27	14
	53	28	27
	53	29	44
	53	30	55
	53	31	23
	53	32	43
	53	33	49
	53	34	69
	53	35	28
	53	36	57
	53	37	24
	53	38	51
	53	39	48
	53	40	76
	53	41	41
	53	42	25
	53	43	32
	53	44	33
	53	45	28
	53	46	58
	53	47	58
	53	48	5
	53	49	73
	53	50	58
	53	51	18
	53	52	36
	53	54	42
	53	55	26
	53	56	41
	53	57	38
	53	58	13
	53	59	77
	53	60	29
	53	61	26
	53	62	19
	53	63	46
	53	64	28
	53	65	40
	53	66	40
	53	67	34
	53	68	35
	53	69	39
	53	70	13
	53	71	53
	53	72	78
	53	73	45
	53	74	89
	53	75	30
	53	76	39
	53	77	76
	53	78	57
	53	79	45
	53	80	51
	53	81	36
	53	82	58
	53	83	57
	53	84	38
	53	85	24
	53	86	17
	53	87	52
	53	88	21
	53	89	24
	54	1	62
	54	2	52
	54	3	88
	54	4	66
	54	5	51
	54	6	29
	54	7	51
	54	8	30
	54	9	105
	54	10	68
	54	11	76
	54	12	96
	54	13	34
	54	14	100
	54	15	35
	54	16	79
	54	17	51
	54	18	79
	54	19	9
	54	20	82
	54	21	103
	54	22	92
	54	23	52
	54	24	102
	54	25	85
	54	26	17
	54	27	46
	54	28	60
	54	29	73
	54	30	97
	54	31	65
	54	32	82
	54	33	81
	54	34	107
	54	35	14
	54	36	92
	54	37	18
	54	38	78
	54	39	89
	54	40	117
	54	41	71
	54	42	62
	54	43	29
	54	44	74
	54	45	18
	54	46	86
	54	47	99
	54	48	40
	54	49	92
	54	50	95
	54	51	44
	54	52	77
	54	53	42
	54	55	22
	54	56	61
	54	57	79
	54	58	32
	54	59	117
	54	60	44
	54	61	67
	54	62	61
	54	63	87
	54	64	45
	54	65	70
	54	66	65
	54	67	73
	54	68	58
	54	69	53
	54	70	53
	54	71	76
	54	72	120
	54	73	66
	54	74	131
	54	75	65
	54	76	80
	54	77	116
	54	78	92
	54	79	66
	54	80	87
	54	81	62
	54	82	94
	54	83	98
	54	84	11
	54	85	65
	54	86	58
	54	87	88
	54	88	60
	54	89	59
	55	1	42
	55	2	31
	55	3	67
	55	4	44
	55	5	29
	55	6	34
	55	7	29
	55	8	9
	55	9	85
	55	10	63
	55	11	55
	55	12	84
	55	13	27
	55	14	86
	55	15	13
	55	16	70
	55	17	35
	55	18	58
	55	19	17
	55	20	77
	55	21	90
	55	22	75
	55	23	40
	55	24	87
	55	25	65
	55	26	9
	55	27	36
	55	28	39
	55	29	51
	55	30	79
	55	31	49
	55	32	69
	55	33	73
	55	34	86
	55	35	16
	55	36	70
	55	37	13
	55	38	56
	55	39	68
	55	40	98
	55	41	49
	55	42	50
	55	43	34
	55	44	59
	55	45	21
	55	46	81
	55	47	79
	55	48	22
	55	49	72
	55	50	74
	55	51	22
	55	52	58
	55	53	26
	55	54	22
	55	56	40
	55	57	60
	55	58	23
	55	59	96
	55	60	42
	55	61	52
	55	62	44
	55	63	72
	55	64	43
	55	65	63
	55	66	43
	55	67	60
	55	68	54
	55	69	32
	55	70	33
	55	71	55
	55	72	102
	55	73	64
	55	74	112
	55	75	44
	55	76	61
	55	77	95
	55	78	82
	55	79	64
	55	80	66
	55	81	40
	55	82	72
	55	83	78
	55	84	25
	55	85	46
	55	86	43
	55	87	78
	55	88	47
	55	89	48
	56	1	29
	56	2	24
	56	3	33
	56	4	14
	56	5	18
	56	6	68
	56	7	11
	56	8	33
	56	9	63
	56	10	80
	56	11	16
	56	12	84
	56	13	53
	56	14	81
	56	15	28
	56	16	80
	56	17	42
	56	18	18
	56	19	56
	56	20	91
	56	21	87
	56	22	62
	56	23	52
	56	24	80
	56	25	48
	56	26	48
	56	27	55
	56	28	20
	56	29	15
	56	30	62
	56	31	46
	56	32	69
	56	33	84
	56	34	55
	56	35	54
	56	36	37
	56	37	50
	56	38	18
	56	39	47
	56	40	75
	56	41	15
	56	42	61
	56	43	68
	56	44	58
	56	45	58
	56	46	95
	56	47	57
	56	48	36
	56	49	33
	56	50	43
	56	51	23
	56	52	43
	56	53	41
	56	54	61
	56	55	40
	56	57	43
	56	58	50
	56	59	68
	56	60	69
	56	61	55
	56	62	43
	56	63	66
	56	64	69
	56	65	77
	56	66	6
	56	67	63
	56	68	75
	56	69	10
	56	70	32
	56	71	15
	56	72	83
	56	73	85
	56	74	89
	56	75	23
	56	76	47
	56	77	67
	56	78	88
	56	79	85
	56	80	36
	56	81	8
	56	82	40
	56	83	57
	56	84	64
	56	85	37
	56	86	47
	56	87	83
	56	88	53
	56	89	61
	57	1	18
	57	2	29
	57	3	28
	57	4	30
	57	5	34
	57	6	69
	57	7	46
	57	8	50
	57	9	26
	57	10	55
	57	11	50
	57	12	44
	57	13	51
	57	14	39
	57	15	49
	57	16	49
	57	17	31
	57	18	50
	57	19	71
	57	20	61
	57	21	45
	57	22	19
	57	23	36
	57	24	38
	57	25	6
	57	26	62
	57	27	43
	57	28	25
	57	29	33
	57	30	20
	57	31	19
	57	32	32
	57	33	53
	57	34	33
	57	35	66
	57	36	28
	57	37	62
	57	38	37
	57	39	10
	57	40	38
	57	41	30
	57	42	36
	57	43	68
	57	44	23
	57	45	67
	57	46	64
	57	47	20
	57	48	39
	57	49	62
	57	50	25
	57	51	39
	57	52	2
	57	53	38
	57	54	79
	57	55	60
	57	56	43
	57	58	51
	57	59	39
	57	60	60
	57	61	26
	57	62	21
	57	63	25
	57	64	59
	57	65	50
	57	66	38
	57	67	30
	57	68	56
	57	69	50
	57	70	27
	57	71	44
	57	72	42
	57	73	63
	57	74	52
	57	75	21
	57	76	4
	57	77	39
	57	78	51
	57	79	64
	57	80	21
	57	81	35
	57	82	27
	57	83	19
	57	84	76
	57	85	14
	57	86	26
	57	87	47
	57	88	30
	57	89	40
	58	1	37
	58	2	30
	58	3	67
	58	4	48
	58	5	33
	58	6	20
	58	7	42
	58	8	20
	58	9	76
	58	10	40
	58	11	66
	58	12	63
	58	13	3
	58	14	67
	58	15	26
	58	16	48
	58	17	20
	58	18	68
	58	19	23
	58	20	53
	58	21	71
	58	22	61
	58	23	20
	58	24	70
	58	25	56
	58	26	17
	58	27	14
	58	28	39
	58	29	56
	58	30	67
	58	31	34
	58	32	50
	58	33	50
	58	34	82
	58	35	18
	58	36	70
	58	37	15
	58	38	62
	58	39	61
	58	40	88
	58	41	53
	58	42	29
	58	43	19
	58	44	42
	58	45	16
	58	46	57
	58	47	70
	58	48	15
	58	49	83
	58	50	71
	58	51	27
	58	52	49
	58	53	13
	58	54	32
	58	55	23
	58	56	50
	58	57	51
	58	59	90
	58	60	20
	58	61	34
	58	62	30
	58	63	55
	58	64	20
	58	65	40
	58	66	51
	58	67	41
	58	68	31
	58	69	46
	58	70	26
	58	71	64
	58	72	89
	58	73	41
	58	74	101
	58	75	42
	58	76	51
	58	77	89
	58	78	61
	58	79	41
	58	80	64
	58	81	47
	58	82	71
	58	83	69
	58	84	26
	58	85	37
	58	86	27
	58	87	56
	58	88	28
	58	89	27
	59	1	55
	59	2	65
	59	3	36
	59	4	56
	59	5	68
	59	6	108
	59	7	75
	59	8	87
	59	9	18
	59	10	89
	59	11	65
	59	12	65
	59	13	90
	59	14	55
	59	15	84
	59	16	79
	59	17	70
	59	18	64
	59	19	109
	59	20	91
	59	21	59
	59	22	38
	59	23	75
	59	24	50
	59	25	34
	59	26	100
	59	27	82
	59	28	58
	59	29	53
	59	30	30
	59	31	57
	59	32	60
	59	33	83
	59	34	13
	59	35	105
	59	36	32
	59	37	100
	59	38	52
	59	39	29
	59	40	16
	59	41	53
	59	42	73
	59	43	107
	59	44	57
	59	45	105
	59	46	93
	59	47	21
	59	48	78
	59	49	67
	59	50	25
	59	51	74
	59	52	41
	59	53	77
	59	54	117
	59	55	96
	59	56	68
	59	57	39
	59	58	90
	59	60	98
	59	61	62
	59	62	60
	59	63	49
	59	64	97
	59	65	84
	59	66	62
	59	67	63
	59	68	93
	59	69	77
	59	70	65
	59	71	60
	59	72	27
	59	73	98
	59	74	25
	59	75	53
	59	76	40
	59	77	1
	59	78	75
	59	79	99
	59	80	32
	59	81	62
	59	82	28
	59	83	22
	59	84	115
	59	85	53
	59	86	65
	59	87	72
	59	88	68
	59	89	77
	60	1	51
	60	2	47
	60	3	82
	60	4	65
	60	5	51
	60	6	17
	60	7	62
	60	8	40
	60	9	82
	60	10	25
	60	11	85
	60	12	57
	60	13	17
	60	14	63
	60	15	46
	60	16	37
	60	17	31
	60	18	87
	60	19	36
	60	20	38
	60	21	66
	60	22	64
	60	23	24
	60	24	68
	60	25	64
	60	26	34
	60	27	17
	60	28	56
	60	29	73
	60	30	71
	60	31	41
	60	32	47
	60	33	38
	60	34	93
	60	35	32
	60	36	83
	60	37	31
	60	38	79
	60	39	70
	60	40	93
	60	41	70
	60	42	26
	60	43	16
	60	44	43
	60	45	26
	60	46	42
	60	47	77
	60	48	33
	60	49	102
	60	50	84
	60	51	46
	60	52	58
	60	53	29
	60	54	44
	60	55	42
	60	56	69
	60	57	60
	60	58	20
	60	59	98
	60	61	36
	60	62	39
	60	63	55
	60	64	1
	60	65	28
	60	66	69
	60	67	39
	60	68	15
	60	69	66
	60	70	41
	60	71	82
	60	72	92
	60	73	23
	60	74	105
	60	75	58
	60	76	58
	60	77	98
	60	78	51
	60	79	22
	60	80	77
	60	81	65
	60	82	84
	60	83	76
	60	84	34
	60	85	48
	60	86	34
	60	87	48
	60	88	30
	60	89	23
	61	1	27
	61	2	31
	61	3	52
	61	4	44
	61	5	38
	61	6	49
	61	7	52
	61	8	44
	61	9	46
	61	10	29
	61	11	67
	61	12	32
	61	13	33
	61	14	33
	61	15	46
	61	16	26
	61	17	18
	61	18	68
	61	19	57
	61	20	37
	61	21	38
	61	22	28
	61	23	15
	61	24	36
	61	25	29
	61	26	50
	61	27	22
	61	28	35
	61	29	51
	61	30	35
	61	31	9
	61	32	17
	61	33	30
	61	34	59
	61	35	52
	61	36	53
	61	37	49
	61	38	56
	61	39	35
	61	40	56
	61	41	47
	61	42	11
	61	43	48
	61	44	7
	61	45	50
	61	46	41
	61	47	41
	61	48	30
	61	49	82
	61	50	51
	61	51	38
	61	52	24
	61	53	26
	61	54	67
	61	55	52
	61	56	55
	61	57	26
	61	58	34
	61	59	62
	61	60	36
	61	62	12
	61	63	21
	61	64	35
	61	65	25
	61	66	52
	61	67	8
	61	68	31
	61	69	57
	61	70	24
	61	71	62
	61	72	56
	61	73	38
	61	74	69
	61	75	34
	61	76	23
	61	77	62
	61	78	34
	61	79	38
	61	80	46
	61	81	47
	61	82	52
	61	83	40
	61	84	60
	61	85	19
	61	86	10
	61	87	29
	61	88	7
	61	89	14
	62	1	15
	62	2	20
	62	3	44
	62	4	33
	62	5	26
	62	6	48
	62	7	40
	62	8	35
	62	9	46
	62	10	39
	62	11	55
	62	12	43
	62	13	30
	62	14	43
	62	15	35
	62	16	37
	62	17	10
	62	18	57
	62	19	52
	62	20	49
	62	21	48
	62	22	32
	62	23	15
	62	24	44
	62	25	26
	62	26	43
	62	27	22
	62	28	24
	62	29	40
	62	30	37
	62	31	5
	62	32	28
	62	33	42
	62	34	54
	62	35	47
	62	36	45
	62	37	43
	62	38	46
	62	39	31
	62	40	58
	62	41	36
	62	42	19
	62	43	47
	62	44	17
	62	45	46
	62	46	52
	62	47	40
	62	48	22
	62	49	71
	62	50	45
	62	51	27
	62	52	19
	62	53	19
	62	54	61
	62	55	44
	62	56	43
	62	57	21
	62	58	30
	62	59	60
	62	60	39
	62	61	12
	62	63	28
	62	64	38
	62	65	36
	62	66	40
	62	67	20
	62	68	37
	62	69	45
	62	70	12
	62	71	51
	62	72	59
	62	73	46
	62	74	71
	62	75	23
	62	76	21
	62	77	60
	62	78	45
	62	79	46
	62	80	39
	62	81	35
	62	82	45
	62	83	39
	62	84	56
	62	85	10
	62	86	5
	62	87	40
	62	88	11
	62	89	21
	63	1	37
	63	2	46
	63	3	52
	63	4	53
	63	5	53
	63	6	69
	63	7	66
	63	8	63
	63	9	31
	63	10	41
	63	11	74
	63	12	20
	63	13	54
	63	14	15
	63	15	64
	63	16	30
	63	17	37
	63	18	75
	63	19	78
	63	20	42
	63	21	21
	63	22	11
	63	23	36
	63	24	16
	63	25	23
	63	26	71
	63	27	43
	63	28	46
	63	29	57
	63	30	20
	63	31	23
	63	32	11
	63	33	34
	63	34	50
	63	35	73
	63	36	51
	63	37	70
	63	38	61
	63	39	29
	63	40	39
	63	41	54
	63	42	29
	63	43	68
	63	44	13
	63	45	71
	63	46	44
	63	47	29
	63	48	50
	63	49	86
	63	50	46
	63	51	55
	63	52	24
	63	53	46
	63	54	87
	63	55	72
	63	56	66
	63	57	25
	63	58	55
	63	59	49
	63	60	55
	63	61	21
	63	62	28
	63	64	54
	63	65	35
	63	66	62
	63	67	16
	63	68	46
	63	69	71
	63	70	40
	63	71	69
	63	72	37
	63	73	50
	63	74	50
	63	75	43
	63	76	21
	63	77	49
	63	78	28
	63	79	50
	63	80	45
	63	81	58
	63	82	49
	63	83	28
	63	84	81
	63	85	30
	63	86	29
	63	87	24
	63	88	27
	63	89	33
	64	1	50
	64	2	46
	64	3	81
	64	4	65
	64	5	51
	64	6	18
	64	7	61
	64	8	40
	64	9	81
	64	10	24
	64	11	84
	64	12	56
	64	13	17
	64	14	62
	64	15	46
	64	16	36
	64	17	30
	64	18	86
	64	19	37
	64	20	37
	64	21	64
	64	22	63
	64	23	22
	64	24	66
	64	25	63
	64	26	35
	64	27	16
	64	28	55
	64	29	73
	64	30	70
	64	31	40
	64	32	45
	64	33	37
	64	34	92
	64	35	32
	64	36	82
	64	37	32
	64	38	79
	64	39	69
	64	40	91
	64	41	69
	64	42	25
	64	43	17
	64	44	42
	64	45	27
	64	46	41
	64	47	76
	64	48	33
	64	49	101
	64	50	82
	64	51	46
	64	52	57
	64	53	28
	64	54	45
	64	55	43
	64	56	69
	64	57	59
	64	58	20
	64	59	97
	64	60	1
	64	61	35
	64	62	38
	64	63	54
	64	65	27
	64	66	69
	64	67	38
	64	68	14
	64	69	66
	64	70	40
	64	71	81
	64	72	90
	64	73	22
	64	74	104
	64	75	57
	64	76	57
	64	77	97
	64	78	50
	64	79	22
	64	80	76
	64	81	64
	64	82	83
	64	83	75
	64	84	34
	64	85	47
	64	86	32
	64	87	46
	64	88	29
	64	89	21
	65	1	51
	65	2	53
	65	3	78
	65	4	68
	65	5	59
	65	6	45
	65	7	73
	65	8	58
	65	9	66
	65	10	5
	65	11	91
	65	12	30
	65	13	37
	65	14	38
	65	15	62
	65	16	9
	65	17	35
	65	18	92
	65	19	62
	65	20	14
	65	21	39
	65	22	46
	65	23	26
	65	24	43
	65	25	52
	65	26	58
	65	27	27
	65	28	59
	65	29	76
	65	30	54
	65	31	34
	65	32	24
	65	33	10
	65	34	82
	65	35	57
	65	36	78
	65	37	55
	65	38	81
	65	39	59
	65	40	75
	65	41	72
	65	42	17
	65	43	44
	65	44	27
	65	45	53
	65	46	18
	65	47	63
	65	48	46
	65	49	106
	65	50	76
	65	51	57
	65	52	49
	65	53	40
	65	54	70
	65	55	63
	65	56	77
	65	57	50
	65	58	40
	65	59	84
	65	60	28
	65	61	25
	65	62	36
	65	63	35
	65	64	27
	65	66	75
	65	67	21
	65	68	14
	65	69	78
	65	70	45
	65	71	86
	65	72	71
	65	73	15
	65	74	85
	65	75	58
	65	76	48
	65	77	84
	65	78	23
	65	79	15
	65	80	71
	65	81	70
	65	82	77
	65	83	62
	65	84	61
	65	85	44
	65	86	31
	65	87	20
	65	88	24
	65	89	16
	66	1	25
	66	2	23
	66	3	28
	66	4	9
	66	5	18
	66	6	70
	66	7	15
	66	8	36
	66	9	58
	66	10	78
	66	11	16
	66	12	80
	66	13	54
	66	14	77
	66	15	30
	66	16	77
	66	17	41
	66	18	18
	66	19	59
	66	20	89
	66	21	83
	66	22	58
	66	23	51
	66	24	76
	66	25	43
	66	26	50
	66	27	54
	66	28	17
	66	29	10
	66	30	57
	66	31	43
	66	32	66
	66	33	82
	66	34	50
	66	35	57
	66	36	31
	66	37	53
	66	38	14
	66	39	42
	66	40	70
	66	41	10
	66	42	58
	66	43	69
	66	44	55
	66	45	60
	66	46	92
	66	47	52
	66	48	36
	66	49	33
	66	50	38
	66	51	24
	66	52	38
	66	53	40
	66	54	65
	66	55	43
	66	56	6
	66	57	38
	66	58	51
	66	59	62
	66	60	69
	66	61	52
	66	62	40
	66	63	62
	66	64	69
	66	65	75
	66	67	59
	66	68	74
	66	69	15
	66	70	31
	66	71	13
	66	72	77
	66	73	84
	66	74	84
	66	75	19
	66	76	42
	66	77	61
	66	78	85
	66	79	84
	66	80	30
	66	81	5
	66	82	35
	66	83	51
	66	84	67
	66	85	33
	66	86	44
	66	87	80
	66	88	51
	66	89	59
	67	1	34
	67	2	40
	67	3	57
	67	4	52
	67	5	46
	67	6	53
	67	7	60
	67	8	52
	67	9	46
	67	10	26
	67	11	74
	67	12	24
	67	13	39
	67	14	26
	67	15	54
	67	16	19
	67	17	26
	67	18	75
	67	19	64
	67	20	32
	67	21	30
	67	22	26
	67	23	21
	67	24	30
	67	25	31
	67	26	57
	67	27	27
	67	28	43
	67	29	58
	67	30	34
	67	31	16
	67	32	9
	67	33	24
	67	34	61
	67	35	59
	67	36	57
	67	37	56
	67	38	63
	67	39	38
	67	40	55
	67	41	54
	67	42	13
	67	43	52
	67	44	6
	67	45	56
	67	46	35
	67	47	42
	67	48	38
	67	49	88
	67	50	55
	67	51	47
	67	52	28
	67	53	34
	67	54	73
	67	55	60
	67	56	63
	67	57	30
	67	58	41
	67	59	63
	67	60	39
	67	61	8
	67	62	20
	67	63	16
	67	64	38
	67	65	21
	67	66	59
	67	68	30
	67	69	65
	67	70	32
	67	71	69
	67	72	53
	67	73	35
	67	74	66
	67	75	41
	67	76	26
	67	77	63
	67	78	25
	67	79	36
	67	80	51
	67	81	55
	67	82	56
	67	83	41
	67	84	66
	67	85	26
	67	86	18
	67	87	20
	67	88	13
	67	89	16
	68	1	52
	68	2	51
	68	3	81
	68	4	68
	68	5	57
	68	6	32
	68	7	69
	68	8	51
	68	9	76
	68	10	10
	68	11	90
	68	12	44
	68	13	28
	68	14	52
	68	15	55
	68	16	23
	68	17	33
	68	18	91
	68	19	50
	68	20	24
	68	21	53
	68	22	56
	68	23	23
	68	24	56
	68	25	59
	68	26	47
	68	27	21
	68	28	59
	68	29	76
	68	30	64
	68	31	38
	68	32	36
	68	33	23
	68	34	89
	68	35	46
	68	36	82
	68	37	44
	68	38	82
	68	39	66
	68	40	85
	68	41	73
	68	42	20
	68	43	31
	68	44	35
	68	45	41
	68	46	27
	68	47	72
	68	48	40
	68	49	106
	68	50	81
	68	51	53
	68	52	54
	68	53	35
	68	54	58
	68	55	54
	68	56	75
	68	57	56
	68	58	31
	68	59	93
	68	60	15
	68	61	31
	68	62	37
	68	63	46
	68	64	14
	68	65	14
	68	66	74
	68	67	30
	68	69	74
	68	70	44
	68	71	86
	68	72	82
	68	73	10
	68	74	96
	68	75	59
	68	76	54
	68	77	92
	68	78	37
	68	79	10
	68	80	76
	68	81	69
	68	82	82
	68	83	70
	68	84	48
	68	85	47
	68	86	32
	68	87	34
	68	88	27
	68	89	17
	69	1	33
	69	2	26
	69	3	43
	69	4	22
	69	5	19
	69	6	63
	69	7	5
	69	8	27
	69	9	72
	69	10	79
	69	11	23
	69	12	88
	69	13	49
	69	14	86
	69	15	21
	69	16	82
	69	17	42
	69	18	26
	69	19	49
	69	20	92
	69	21	92
	69	22	69
	69	23	52
	69	24	86
	69	25	55
	69	26	41
	69	27	53
	69	28	25
	69	29	25
	69	30	69
	69	31	49
	69	32	73
	69	33	86
	69	34	65
	69	35	47
	69	36	47
	69	37	44
	69	38	28
	69	39	55
	69	40	84
	69	41	25
	69	42	61
	69	43	63
	69	44	62
	69	45	52
	69	46	96
	69	47	66
	69	48	34
	69	49	40
	69	50	53
	69	51	21
	69	52	49
	69	53	39
	69	54	53
	69	55	32
	69	56	10
	69	57	50
	69	58	46
	69	59	77
	69	60	66
	69	61	57
	69	62	45
	69	63	71
	69	64	66
	69	65	78
	69	66	15
	69	67	65
	69	68	74
	69	70	34
	69	71	24
	69	72	91
	69	73	84
	69	74	98
	69	75	29
	69	76	53
	69	77	76
	69	78	91
	69	79	84
	69	80	45
	69	81	16
	69	82	50
	69	83	65
	69	84	57
	69	85	41
	69	86	48
	69	87	86
	69	88	55
	69	89	61
	70	1	11
	70	2	8
	70	3	41
	70	4	25
	70	5	15
	70	6	45
	70	7	29
	70	8	24
	70	9	53
	70	10	47
	70	11	46
	70	12	55
	70	13	28
	70	14	55
	70	15	24
	70	16	48
	70	17	10
	70	18	48
	70	19	44
	70	20	58
	70	21	60
	70	22	42
	70	23	20
	70	24	56
	70	25	32
	70	26	35
	70	27	24
	70	28	15
	70	29	33
	70	30	45
	70	31	17
	70	32	40
	70	33	52
	70	34	57
	70	35	40
	70	36	44
	70	37	35
	70	38	39
	70	39	36
	70	40	65
	70	41	29
	70	42	28
	70	43	45
	70	44	29
	70	45	41
	70	46	62
	70	47	46
	70	48	13
	70	49	63
	70	50	45
	70	51	15
	70	52	25
	70	53	13
	70	54	53
	70	55	33
	70	56	32
	70	57	27
	70	58	26
	70	59	65
	70	60	41
	70	61	24
	70	62	12
	70	63	40
	70	64	40
	70	65	45
	70	66	31
	70	67	32
	70	68	44
	70	69	34
	70	71	42
	70	72	68
	70	73	53
	70	74	79
	70	75	17
	70	76	28
	70	77	64
	70	78	57
	70	79	53
	70	80	38
	70	81	26
	70	82	45
	70	83	45
	70	84	50
	70	85	13
	70	86	15
	70	87	52
	70	88	21
	70	89	29
	71	1	35
	71	2	35
	71	3	24
	71	4	18
	71	5	31
	71	6	82
	71	7	26
	71	8	48
	71	9	59
	71	10	89
	71	11	6
	71	12	88
	71	13	66
	71	14	83
	71	15	43
	71	16	88
	71	17	53
	71	18	6
	71	19	71
	71	20	99
	71	21	89
	71	22	63
	71	23	63
	71	24	82
	71	25	47
	71	26	63
	71	27	66
	71	28	27
	71	29	11
	71	30	60
	71	31	53
	71	32	74
	71	33	92
	71	34	46
	71	35	69
	71	36	28
	71	37	65
	71	38	8
	71	39	45
	71	40	70
	71	41	15
	71	42	70
	71	43	82
	71	44	64
	71	45	73
	71	46	103
	71	47	54
	71	48	49
	71	49	20
	71	50	35
	71	51	37
	71	52	45
	71	53	53
	71	54	76
	71	55	55
	71	56	15
	71	57	44
	71	58	64
	71	59	60
	71	60	82
	71	61	62
	71	62	51
	71	63	69
	71	64	81
	71	65	86
	71	66	13
	71	67	69
	71	68	86
	71	69	24
	71	70	42
	71	72	78
	71	73	95
	71	74	83
	71	75	28
	71	76	48
	71	77	59
	71	78	93
	71	79	96
	71	80	30
	71	81	17
	71	82	32
	71	83	53
	71	84	79
	71	85	42
	71	86	55
	71	87	89
	71	88	62
	71	89	71
	72	1	61
	72	2	72
	72	3	55
	72	4	69
	72	5	76
	72	6	105
	72	7	87
	72	8	92
	72	9	20
	72	10	76
	72	11	85
	72	12	45
	72	13	89
	72	14	35
	72	15	91
	72	16	64
	72	17	69
	72	18	84
	72	19	111
	72	20	74
	72	21	38
	72	22	28
	72	23	71
	72	24	29
	72	25	37
	72	26	103
	72	27	78
	72	28	67
	72	29	69
	72	30	23
	72	31	55
	72	32	47
	72	33	67
	72	34	38
	72	35	106
	72	36	51
	72	37	102
	72	38	70
	72	39	36
	72	40	11
	72	41	68
	72	42	65
	72	43	104
	72	44	49
	72	45	105
	72	46	76
	72	47	25
	72	48	80
	72	49	90
	72	50	44
	72	51	81
	72	52	44
	72	53	78
	72	54	120
	72	55	102
	72	56	83
	72	57	42
	72	58	89
	72	59	27
	72	60	92
	72	61	56
	72	62	59
	72	63	37
	72	64	90
	72	65	71
	72	66	77
	72	67	53
	72	68	82
	72	69	91
	72	70	68
	72	71	78
	72	73	85
	72	74	14
	72	75	62
	72	76	40
	72	77	28
	72	78	56
	72	79	86
	72	80	49
	72	81	75
	72	82	48
	72	83	26
	72	84	115
	72	85	55
	72	86	62
	72	87	55
	72	88	63
	72	89	69
	73	1	61
	73	2	61
	73	3	89
	73	4	78
	73	5	66
	73	6	38
	73	7	79
	73	8	60
	73	9	81
	73	10	9
	73	11	99
	73	12	43
	73	13	37
	73	14	52
	73	15	65
	73	16	22
	73	17	43
	73	18	101
	73	19	59
	73	20	17
	73	21	53
	73	22	60
	73	23	33
	73	24	58
	73	25	66
	73	26	57
	73	27	31
	73	28	68
	73	29	85
	73	30	69
	73	31	46
	73	32	39
	73	33	21
	73	34	96
	73	35	54
	73	36	90
	73	37	54
	73	38	91
	73	39	72
	73	40	89
	73	41	82
	73	42	27
	73	43	38
	73	44	41
	73	45	49
	73	46	20
	73	47	77
	73	48	50
	73	49	116
	73	50	89
	73	51	63
	73	52	61
	73	53	45
	73	54	66
	73	55	64
	73	56	85
	73	57	63
	73	58	41
	73	59	98
	73	60	23
	73	61	38
	73	62	46
	73	63	50
	73	64	22
	73	65	15
	73	66	84
	73	67	35
	73	68	10
	73	69	84
	73	70	53
	73	71	95
	73	72	85
	73	74	99
	73	75	68
	73	76	61
	73	77	98
	73	78	34
	73	79	1
	73	80	83
	73	81	79
	73	82	90
	73	83	76
	73	84	56
	73	85	55
	73	86	41
	73	87	33
	73	88	35
	73	89	25
	74	1	70
	74	2	81
	74	3	59
	74	4	76
	74	5	85
	74	6	118
	74	7	95
	74	8	103
	74	9	27
	74	10	90
	74	11	89
	74	12	59
	74	13	101
	74	14	48
	74	15	101
	74	16	78
	74	17	81
	74	18	88
	74	19	122
	74	20	88
	74	21	51
	74	22	41
	74	23	83
	74	24	43
	74	25	47
	74	26	114
	74	27	91
	74	28	76
	74	29	75
	74	30	34
	74	31	67
	74	32	60
	74	33	81
	74	34	38
	74	35	118
	74	36	55
	74	37	114
	74	38	75
	74	39	44
	74	40	14
	74	41	74
	74	42	78
	74	43	117
	74	44	62
	74	45	117
	74	46	89
	74	47	33
	74	48	91
	74	49	92
	74	50	47
	74	51	91
	74	52	54
	74	53	89
	74	54	131
	74	55	112
	74	56	89
	74	57	52
	74	58	101
	74	59	25
	74	60	105
	74	61	69
	74	62	71
	74	63	50
	74	64	104
	74	65	85
	74	66	84
	74	67	66
	74	68	96
	74	69	98
	74	70	79
	74	71	83
	74	72	14
	74	73	99
	74	75	71
	74	76	51
	74	77	26
	74	78	70
	74	79	100
	74	80	54
	74	81	82
	74	82	51
	74	83	34
	74	84	127
	74	85	66
	74	86	74
	74	87	68
	74	88	75
	74	89	82
	75	1	7
	75	2	13
	75	3	25
	75	4	11
	75	5	15
	75	6	62
	75	7	25
	75	8	35
	75	9	44
	75	10	61
	75	11	33
	75	12	61
	75	13	44
	75	14	58
	75	15	31
	75	16	60
	75	17	26
	75	18	34
	75	19	57
	75	20	71
	75	21	64
	75	22	40
	75	23	36
	75	24	57
	75	25	26
	75	26	48
	75	27	41
	75	28	5
	75	29	17
	75	30	40
	75	31	25
	75	32	47
	75	33	64
	75	34	43
	75	35	54
	75	36	28
	75	37	49
	75	38	23
	75	39	27
	75	40	56
	75	41	14
	75	42	42
	75	43	61
	75	44	36
	75	45	56
	75	46	75
	75	47	38
	75	48	28
	75	49	48
	75	50	30
	75	51	21
	75	52	20
	75	53	30
	75	54	65
	75	55	44
	75	56	23
	75	57	21
	75	58	42
	75	59	53
	75	60	58
	75	61	34
	75	62	23
	75	63	43
	75	64	57
	75	65	58
	75	66	19
	75	67	41
	75	68	59
	75	69	29
	75	70	17
	75	71	28
	75	72	62
	75	73	68
	75	74	71
	75	76	24
	75	77	52
	75	78	66
	75	79	68
	75	80	23
	75	81	15
	75	82	29
	75	83	37
	75	84	64
	75	85	15
	75	86	28
	75	87	61
	75	88	34
	75	89	43
	76	1	21
	76	2	32
	76	3	32
	76	4	33
	76	5	37
	76	6	69
	76	7	49
	76	8	52
	76	9	25
	76	10	52
	76	11	54
	76	12	40
	76	13	51
	76	14	35
	76	15	51
	76	16	45
	76	17	31
	76	18	54
	76	19	72
	76	20	58
	76	21	41
	76	22	16
	76	23	35
	76	24	34
	76	25	5
	76	26	63
	76	27	42
	76	28	28
	76	29	37
	76	30	17
	76	31	17
	76	32	28
	76	33	50
	76	34	35
	76	35	67
	76	36	31
	76	37	63
	76	38	41
	76	39	12
	76	40	37
	76	41	34
	76	42	34
	76	43	68
	76	44	20
	76	45	67
	76	46	61
	76	47	19
	76	48	40
	76	49	66
	76	50	28
	76	51	41
	76	52	4
	76	53	39
	76	54	80
	76	55	61
	76	56	47
	76	57	4
	76	58	51
	76	59	40
	76	60	58
	76	61	23
	76	62	21
	76	63	21
	76	64	57
	76	65	48
	76	66	42
	76	67	26
	76	68	54
	76	69	53
	76	70	28
	76	71	48
	76	72	40
	76	73	61
	76	74	51
	76	75	24
	76	77	39
	76	78	47
	76	79	61
	76	80	25
	76	81	39
	76	82	30
	76	83	18
	76	84	76
	76	85	15
	76	86	25
	76	87	43
	76	88	28
	76	89	38
	77	1	54
	77	2	64
	77	3	35
	77	4	55
	77	5	67
	77	6	108
	77	7	74
	77	8	86
	77	9	18
	77	10	89
	77	11	64
	77	12	65
	77	13	90
	77	14	55
	77	15	83
	77	16	79
	77	17	69
	77	18	63
	77	19	108
	77	20	91
	77	21	60
	77	22	38
	77	23	74
	77	24	50
	77	25	34
	77	26	99
	77	27	82
	77	28	57
	77	29	52
	77	30	29
	77	31	57
	77	32	60
	77	33	83
	77	34	12
	77	35	104
	77	36	31
	77	37	100
	77	38	51
	77	39	29
	77	40	17
	77	41	52
	77	42	73
	77	43	107
	77	44	57
	77	45	105
	77	46	93
	77	47	21
	77	48	77
	77	49	66
	77	50	24
	77	51	73
	77	52	41
	77	53	76
	77	54	116
	77	55	95
	77	56	67
	77	57	39
	77	58	89
	77	59	1
	77	60	98
	77	61	62
	77	62	60
	77	63	49
	77	64	97
	77	65	84
	77	66	61
	77	67	63
	77	68	92
	77	69	76
	77	70	64
	77	71	59
	77	72	28
	77	73	98
	77	74	26
	77	75	52
	77	76	39
	77	78	75
	77	79	98
	77	80	31
	77	81	61
	77	82	27
	77	83	22
	77	84	114
	77	85	52
	77	86	64
	77	87	72
	77	88	67
	77	89	76
	78	1	59
	78	2	65
	78	3	79
	78	4	76
	78	5	72
	78	6	67
	78	7	86
	78	8	75
	78	9	58
	78	10	27
	78	11	99
	78	12	11
	78	13	58
	78	14	21
	78	15	78
	78	16	14
	78	17	50
	78	18	100
	78	19	83
	78	20	19
	78	21	20
	78	22	38
	78	23	43
	78	24	27
	78	25	51
	78	26	78
	78	27	47
	78	28	68
	78	29	82
	78	30	46
	78	31	42
	78	32	19
	78	33	14
	78	34	77
	78	35	78
	78	36	78
	78	37	76
	78	38	87
	78	39	57
	78	40	63
	78	41	79
	78	42	32
	78	43	67
	78	44	30
	78	45	74
	78	46	20
	78	47	57
	78	48	62
	78	49	112
	78	50	74
	78	51	72
	78	52	50
	78	53	57
	78	54	92
	78	55	82
	78	56	88
	78	57	51
	78	58	61
	78	59	75
	78	60	51
	78	61	34
	78	62	45
	78	63	28
	78	64	50
	78	65	23
	78	66	85
	78	67	25
	78	68	37
	78	69	91
	78	70	57
	78	71	93
	78	72	56
	78	73	34
	78	74	70
	78	75	66
	78	76	47
	78	77	75
	78	79	35
	78	80	72
	78	81	80
	78	82	76
	78	83	56
	78	84	83
	78	85	51
	78	86	43
	78	87	5
	78	88	37
	78	89	34
	79	1	61
	79	2	61
	79	3	90
	79	4	78
	79	5	66
	79	6	38
	79	7	79
	79	8	60
	79	9	81
	79	10	10
	79	11	99
	79	12	44
	79	13	37
	79	14	53
	79	15	65
	79	16	23
	79	17	43
	79	18	101
	79	19	58
	79	20	18
	79	21	53
	79	22	61
	79	23	33
	79	24	58
	79	25	66
	79	26	56
	79	27	31
	79	28	68
	79	29	86
	79	30	69
	79	31	46
	79	32	39
	79	33	21
	79	34	96
	79	35	54
	79	36	91
	79	37	53
	79	38	91
	79	39	73
	79	40	90
	79	41	82
	79	42	28
	79	43	37
	79	44	41
	79	45	49
	79	46	21
	79	47	78
	79	48	50
	79	49	116
	79	50	89
	79	51	63
	79	52	62
	79	53	45
	79	54	66
	79	55	64
	79	56	85
	79	57	64
	79	58	41
	79	59	99
	79	60	22
	79	61	38
	79	62	46
	79	63	50
	79	64	22
	79	65	15
	79	66	84
	79	67	36
	79	68	10
	79	69	84
	79	70	53
	79	71	96
	79	72	86
	79	73	1
	79	74	100
	79	75	68
	79	76	61
	79	77	98
	79	78	35
	79	80	84
	79	81	79
	79	82	90
	79	83	77
	79	84	55
	79	85	56
	79	86	41
	79	87	34
	79	88	35
	79	89	25
	80	1	27
	80	2	36
	80	3	7
	80	4	23
	80	5	37
	80	6	83
	80	7	43
	80	8	57
	80	9	29
	80	10	75
	80	11	36
	80	12	64
	80	13	65
	80	14	58
	80	15	53
	80	16	70
	80	17	46
	80	18	35
	80	19	80
	80	20	82
	80	21	63
	80	22	36
	80	23	54
	80	24	55
	80	25	21
	80	26	71
	80	27	60
	80	28	27
	80	29	21
	80	30	32
	80	31	38
	80	32	53
	80	33	74
	80	34	20
	80	35	76
	80	36	7
	80	37	72
	80	38	22
	80	39	17
	80	40	40
	80	41	21
	80	42	56
	80	43	83
	80	44	45
	80	45	78
	80	46	86
	80	47	24
	80	48	50
	80	49	43
	80	50	8
	80	51	44
	80	52	23
	80	53	51
	80	54	87
	80	55	66
	80	56	36
	80	57	21
	80	58	64
	80	59	32
	80	60	77
	80	61	46
	80	62	39
	80	63	45
	80	64	76
	80	65	71
	80	66	30
	80	67	51
	80	68	76
	80	69	45
	80	70	38
	80	71	30
	80	72	49
	80	73	83
	80	74	54
	80	75	23
	80	76	25
	80	77	31
	80	78	72
	80	79	84
	80	81	30
	80	82	7
	80	83	24
	80	84	87
	80	85	29
	80	86	44
	80	87	68
	80	88	49
	80	89	59
	81	1	21
	81	2	18
	81	3	28
	81	4	6
	81	5	14
	81	6	65
	81	7	13
	81	8	32
	81	9	56
	81	10	73
	81	11	20
	81	12	76
	81	13	49
	81	14	73
	81	15	27
	81	16	73
	81	17	36
	81	18	22
	81	19	56
	81	20	84
	81	21	79
	81	22	54
	81	23	46
	81	24	72
	81	25	40
	81	26	47
	81	27	49
	81	28	12
	81	29	11
	81	30	54
	81	31	38
	81	32	62
	81	33	77
	81	34	50
	81	35	53
	81	36	32
	81	37	49
	81	38	17
	81	39	39
	81	40	68
	81	41	10
	81	42	54
	81	43	65
	81	44	50
	81	45	57
	81	46	88
	81	47	50
	81	48	32
	81	49	37
	81	50	37
	81	51	20
	81	52	35
	81	53	36
	81	54	62
	81	55	40
	81	56	8
	81	57	35
	81	58	47
	81	59	62
	81	60	65
	81	61	47
	81	62	35
	81	63	58
	81	64	64
	81	65	70
	81	66	5
	81	67	55
	81	68	69
	81	69	16
	81	70	26
	81	71	17
	81	72	75
	81	73	79
	81	74	82
	81	75	15
	81	76	39
	81	77	61
	81	78	80
	81	79	79
	81	80	30
	81	82	35
	81	83	49
	81	84	63
	81	85	29
	81	86	40
	81	87	75
	81	88	46
	81	89	55
	82	1	34
	82	2	43
	82	3	8
	82	4	29
	82	5	43
	82	6	90
	82	7	48
	82	8	64
	82	9	29
	82	10	81
	82	11	38
	82	12	68
	82	13	72
	82	14	61
	82	15	60
	82	16	75
	82	17	53
	82	18	37
	82	19	87
	82	20	88
	82	21	67
	82	22	39
	82	23	60
	82	24	57
	82	25	26
	82	26	77
	82	27	67
	82	28	34
	82	29	25
	82	30	34
	82	31	44
	82	32	58
	82	33	80
	82	34	15
	82	35	83
	82	36	4
	82	37	79
	82	38	24
	82	39	20
	82	40	38
	82	41	26
	82	42	63
	82	43	90
	82	44	50
	82	45	85
	82	46	91
	82	47	25
	82	48	57
	82	49	43
	82	50	3
	82	51	50
	82	52	28
	82	53	58
	82	54	94
	82	55	72
	82	56	40
	82	57	27
	82	58	71
	82	59	28
	82	60	84
	82	61	52
	82	62	45
	82	63	49
	82	64	83
	82	65	77
	82	66	35
	82	67	56
	82	68	82
	82	69	50
	82	70	45
	82	71	32
	82	72	48
	82	73	90
	82	74	51
	82	75	29
	82	76	30
	82	77	27
	82	78	76
	82	79	90
	82	80	7
	82	81	35
	82	83	24
	82	84	93
	82	85	36
	82	86	51
	82	87	72
	82	88	56
	82	89	65
	83	1	36
	83	2	47
	83	3	30
	83	4	43
	83	5	51
	83	6	87
	83	7	62
	83	8	69
	83	9	7
	83	10	67
	83	11	59
	83	12	46
	83	13	69
	83	14	38
	83	15	67
	83	16	58
	83	17	49
	83	18	59
	83	19	89
	83	20	70
	83	21	43
	83	22	17
	83	23	53
	83	24	34
	83	25	13
	83	26	80
	83	27	60
	83	28	42
	83	29	44
	83	30	10
	83	31	35
	83	32	39
	83	33	62
	83	34	22
	83	35	85
	83	36	28
	83	37	81
	83	38	45
	83	39	10
	83	40	20
	83	41	42
	83	42	51
	83	43	86
	83	44	35
	83	45	85
	83	46	73
	83	47	1
	83	48	58
	83	49	67
	83	50	21
	83	51	57
	83	52	20
	83	53	57
	83	54	98
	83	55	78
	83	56	57
	83	57	19
	83	58	69
	83	59	22
	83	60	76
	83	61	40
	83	62	39
	83	63	28
	83	64	75
	83	65	62
	83	66	51
	83	67	41
	83	68	70
	83	69	65
	83	70	45
	83	71	53
	83	72	26
	83	73	76
	83	74	34
	83	75	37
	83	76	18
	83	77	22
	83	78	56
	83	79	77
	83	80	24
	83	81	49
	83	82	24
	83	84	94
	83	85	33
	83	86	43
	83	87	52
	83	88	46
	83	89	55
	84	1	60
	84	2	51
	84	3	89
	84	4	67
	84	5	51
	84	6	18
	84	7	54
	84	8	31
	84	9	101
	84	10	58
	84	11	80
	84	12	88
	84	13	27
	84	14	92
	84	15	37
	84	16	69
	84	17	46
	84	18	82
	84	19	8
	84	20	72
	84	21	96
	84	22	87
	84	23	45
	84	24	96
	84	25	81
	84	26	17
	84	27	39
	84	28	60
	84	29	75
	84	30	92
	84	31	60
	84	32	75
	84	33	71
	84	34	106
	84	35	11
	84	36	92
	84	37	15
	84	38	80
	84	39	86
	84	40	113
	84	41	72
	84	42	54
	84	43	18
	84	44	67
	84	45	10
	84	46	75
	84	47	96
	84	48	37
	84	49	97
	84	50	94
	84	51	44
	84	52	74
	84	53	38
	84	54	11
	84	55	25
	84	56	64
	84	57	76
	84	58	26
	84	59	115
	84	60	34
	84	61	60
	84	62	56
	84	63	81
	84	64	34
	84	65	61
	84	66	67
	84	67	66
	84	68	48
	84	69	57
	84	70	50
	84	71	79
	84	72	115
	84	73	56
	84	74	127
	84	75	64
	84	76	76
	84	77	114
	84	78	83
	84	79	55
	84	80	87
	84	81	63
	84	82	93
	84	83	94
	84	85	62
	84	86	53
	84	87	79
	84	88	54
	84	89	51
	85	1	8
	85	2	17
	85	3	34
	85	4	25
	85	5	23
	85	6	56
	85	7	36
	85	8	37
	85	9	40
	85	10	48
	85	11	47
	85	12	47
	85	13	38
	85	14	45
	85	15	36
	85	16	45
	85	17	17
	85	18	49
	85	19	57
	85	20	57
	85	21	51
	85	22	29
	85	23	25
	85	24	45
	85	25	19
	85	26	48
	85	27	31
	85	28	17
	85	29	32
	85	30	32
	85	31	10
	85	32	33
	85	33	50
	85	34	46
	85	35	52
	85	36	35
	85	37	48
	85	38	37
	85	39	24
	85	40	52
	85	41	28
	85	42	28
	85	43	55
	85	44	22
	85	45	53
	85	46	61
	85	47	34
	85	48	26
	85	49	62
	85	50	36
	85	51	26
	85	52	12
	85	53	24
	85	54	65
	85	55	46
	85	56	37
	85	57	14
	85	58	37
	85	59	53
	85	60	48
	85	61	19
	85	62	10
	85	63	30
	85	64	47
	85	65	44
	85	66	33
	85	67	26
	85	68	47
	85	69	41
	85	70	13
	85	71	42
	85	72	55
	85	73	55
	85	74	66
	85	75	15
	85	76	15
	85	77	52
	85	78	51
	85	79	56
	85	80	29
	85	81	29
	85	82	36
	85	83	33
	85	84	62
	85	86	15
	85	87	47
	85	88	21
	85	89	31
	86	1	20
	86	2	23
	86	3	49
	86	4	38
	86	5	29
	86	6	44
	86	7	43
	86	8	34
	86	9	50
	86	10	34
	86	11	60
	86	12	42
	86	13	26
	86	14	43
	86	15	36
	86	16	33
	86	17	8
	86	18	61
	86	19	49
	86	20	44
	86	21	48
	86	22	34
	86	23	10
	86	24	45
	86	25	31
	86	26	41
	86	27	17
	86	28	28
	86	29	45
	86	30	40
	86	31	8
	86	32	27
	86	33	38
	86	34	59
	86	35	44
	86	36	51
	86	37	40
	86	38	51
	86	39	36
	86	40	61
	86	41	41
	86	42	14
	86	43	43
	86	44	16
	86	45	43
	86	46	48
	86	47	45
	86	48	21
	86	49	75
	86	50	50
	86	51	29
	86	52	24
	86	53	17
	86	54	58
	86	55	43
	86	56	47
	86	57	26
	86	58	27
	86	59	65
	86	60	34
	86	61	10
	86	62	5
	86	63	29
	86	64	32
	86	65	31
	86	66	44
	86	67	18
	86	68	32
	86	69	48
	86	70	15
	86	71	55
	86	72	62
	86	73	41
	86	74	74
	86	75	28
	86	76	25
	86	77	64
	86	78	43
	86	79	41
	86	80	44
	86	81	40
	86	82	51
	86	83	43
	86	84	53
	86	85	15
	86	87	38
	86	88	7
	86	89	16
	87	1	54
	87	2	60
	87	3	75
	87	4	72
	87	5	67
	87	6	64
	87	7	81
	87	8	71
	87	9	55
	87	10	25
	87	11	94
	87	12	10
	87	13	54
	87	14	20
	87	15	73
	87	16	11
	87	17	45
	87	18	95
	87	19	79
	87	20	20
	87	21	20
	87	22	35
	87	23	38
	87	24	26
	87	25	47
	87	26	74
	87	27	42
	87	28	63
	87	29	77
	87	30	43
	87	31	37
	87	32	15
	87	33	13
	87	34	74
	87	35	74
	87	36	74
	87	37	72
	87	38	82
	87	39	52
	87	40	60
	87	41	74
	87	42	27
	87	43	63
	87	44	25
	87	45	71
	87	46	21
	87	47	53
	87	48	57
	87	49	108
	87	50	70
	87	51	67
	87	52	46
	87	53	52
	87	54	88
	87	55	78
	87	56	83
	87	57	47
	87	58	56
	87	59	72
	87	60	48
	87	61	29
	87	62	40
	87	63	24
	87	64	46
	87	65	20
	87	66	80
	87	67	20
	87	68	34
	87	69	86
	87	70	52
	87	71	89
	87	72	55
	87	73	33
	87	74	68
	87	75	61
	87	76	43
	87	77	72
	87	78	5
	87	79	34
	87	80	68
	87	81	75
	87	82	72
	87	83	52
	87	84	79
	87	85	47
	87	86	38
	87	88	32
	87	89	30
	88	1	27
	88	2	29
	88	3	55
	88	4	44
	88	5	36
	88	6	42
	88	7	49
	88	8	39
	88	9	52
	88	10	27
	88	11	66
	88	12	37
	88	13	27
	88	14	39
	88	15	41
	88	16	27
	88	17	13
	88	18	68
	88	19	51
	88	20	38
	88	21	44
	88	22	34
	88	23	8
	88	24	42
	88	25	34
	88	26	44
	88	27	16
	88	28	35
	88	29	51
	88	30	41
	88	31	12
	88	32	23
	88	33	31
	88	34	63
	88	35	46
	88	36	56
	88	37	43
	88	38	57
	88	39	40
	88	40	63
	88	41	48
	88	42	8
	88	43	42
	88	44	14
	88	45	44
	88	46	42
	88	47	47
	88	48	25
	88	49	82
	88	50	55
	88	51	35
	88	52	28
	88	53	21
	88	54	60
	88	55	47
	88	56	53
	88	57	30
	88	58	28
	88	59	68
	88	60	30
	88	61	7
	88	62	11
	88	63	27
	88	64	29
	88	65	24
	88	66	51
	88	67	13
	88	68	27
	88	69	55
	88	70	21
	88	71	62
	88	72	63
	88	73	35
	88	74	75
	88	75	34
	88	76	28
	88	77	67
	88	78	37
	88	79	35
	88	80	49
	88	81	46
	88	82	56
	88	83	46
	88	84	54
	88	85	21
	88	86	7
	88	87	32
	88	89	10
	89	1	36
	89	2	37
	89	3	65
	89	4	53
	89	5	43
	89	6	37
	89	7	56
	89	8	42
	89	9	60
	89	10	18
	89	11	75
	89	12	37
	89	13	24
	89	14	42
	89	15	46
	89	16	22
	89	17	19
	89	18	77
	89	19	50
	89	20	30
	89	21	45
	89	22	41
	89	23	10
	89	24	46
	89	25	43
	89	26	44
	89	27	13
	89	28	43
	89	29	61
	89	30	49
	89	31	21
	89	32	25
	89	33	25
	89	34	73
	89	35	45
	89	36	66
	89	37	42
	89	38	66
	89	39	49
	89	40	70
	89	41	57
	89	42	4
	89	43	36
	89	44	20
	89	45	41
	89	46	34
	89	47	56
	89	48	29
	89	49	91
	89	50	65
	89	51	41
	89	52	38
	89	53	24
	89	54	59
	89	55	48
	89	56	61
	89	57	40
	89	58	27
	89	59	77
	89	60	23
	89	61	14
	89	62	21
	89	63	33
	89	64	21
	89	65	16
	89	66	59
	89	67	16
	89	68	17
	89	69	61
	89	70	29
	89	71	71
	89	72	69
	89	73	25
	89	74	82
	89	75	43
	89	76	38
	89	77	76
	89	78	34
	89	79	25
	89	80	59
	89	81	55
	89	82	65
	89	83	55
	89	84	51
	89	85	31
	89	86	16
	89	87	30
	89	88	10
;
end;
