#GLPK
#python3 main.py solveMultipleModels GLPK data[n] 8 3 21 89 2 1 13 2 1 13 2 0.21 0.89 2 1 3

13:
    python3 main.py solveModel data13 144 46 10.25 5.6 0.5 3 1
    cost: 384.4946258726432, runTime: 4.737166881561279, route: [12, 2, 9, 8, 3, 4, 7, 10, 13, 1, 5, 6, 11]

21:
    python3 main.py solveModel data21 144 43 1.06 9.43 0.32 2 0
    cost: 405.8393718997583, runTime: 10.622031211853027, route: [8, 17, 19, 13, 7, 14, 6, 2, 16, 18, 10, 21, 20, 3, 4, 11, 9, 5, 1, 12, 15]

34:
    python3 main.py solveModel data34 144 52 12.4 4.84 0.85 3 2
    cost: 553.6826242554657, runTime: 33.59352517127991, route: [13, 7, 34, 31, 10, 23, 8, 11, 14, 29, 32, 20, 3, 17, 6, 1, 19, 27, 5, 33, 2, 4, 24, 9, 22, 21, 12, 25, 26, 30, 16, 15, 18, 28]

55:
    python3 main.py solveModel data55 144 34 2.12 4.39 0.74 3 0
    cost: 686.2453226278037, runTime: 57.03450298309326, route: [55, 8, 36, 19, 25, 47, 13, 51, 52, 53, 2, 14, 16, 38, 18, 44, 20, 22, 29, 11, 32, 4, 26, 40, 43, 49, 46, 3, 34, 30, 39, 48, 9, 10, 24, 41, 1, 37, 17, 42, 33, 31, 23, 50, 15, 28, 27, 6, 12, 5, 35, 54, 21, 7, 45]

89:

    python3 main.py solveModel data89 144 79 1.98 9.93 0.82 2 1
    cost: 792.7980898173807, runTime: 360.581595659256, route: [83, 47, 9, 30, 22, 63, 32, 67, 44, 61, 88, 86, 62, 31, 85, 1, 75, 28, 4, 41, 29, 38, 71, 11, 18, 49, 66, 81, 56, 69, 7, 5, 51, 2, 70, 17, 23, 42, 89, 27, 13, 58, 53, 48, 8, 15, 55, 26, 37, 35, 19, 54, 84, 45, 43, 6, 64, 60, 68, 73, 79, 10, 65, 16, 33, 20, 46, 87, 78, 12, 21, 14, 24, 72, 40, 74, 59, 77, 34, 82, 36, 3, 80, 50, 39, 52, 57, 76, 25]
